Sentence,Token,PosTag,NERtag
0,Paraibano,n,0
0,de,prp,0
0,nascença,n,0
0,",",",",0
0,já,adv,0
0,faz,v-fin,0
0,um,art,0
0,tempão,n,0
0,que,pron-indp,0
0,compartilho,v-fin,0
0,com,prp,0
0,os,art,0
0,conterrâneos,n,0
0,da,pp,0
0,grande,adj,0
0,nação,n,0
0,nordestina,adj,0
0,a,prp,0
0,sina,n,0
0,da,adj,0
0,“,v-fin,0
0,triste,n,0
0,partida,n,0
0,”,adj,0
0,ou,conj-c,0
0,",",",",0
0,em,prp,0
0,sentido,n,0
0,mais,adv,0
0,positivo,adj,0
0,",",",",0
0,a,art,0
0,missão,n,0
0,de,prp,0
0,“,prop,0
0,andar,v-inf,0
0,por,prp,0
0,este,pron-det,0
0,país,n,0
0,”,adj,0
0,.,.,0
1,Quis,prop,0
1,o,art,0
1,desígnio,n,0
1,da,adj,0
1,Providência,n,0
1,–,v-fin,0
1,os,art,0
1,romanos,n,0
1,apelariam,v-fin,0
1,para,prp,0
1,a,art,0
1,senhora,n,0
1,Fortuna,prop,0
1,",",",",0
1,a,art,0
1,deusa,n,0
1,do,adj,0
1,destino,adj,0
1,–,v-fin,0
1,que,conj-s,0
1,",",",",0
1,antes,adv,0
1,de,prp,0
1,seguir,v-inf,0
1,para,prp,0
1,o,art,0
1,Rio,prop,0
1,de,prp,0
1,Janeiro,prop,0
1,",",",",0
1,para,prp,0
1,ﬁ,prop,0
1,ns,adj,0
1,de,prp,0
1,formação,n,0
1,proﬁ,adj,0
1,ssional,adj,0
1,",",",",0
1,eu,pron-pers,0
1,aportasse,v-fin,0
1,por,prp,0
1,uma,art,0
1,segunda,adj,0
1,vez,n,0
1,em,prp,0
1,terras,n,0
1,cearenses,adj,0
1,para,prp,0
1,uma,art,0
1,missão,n,0
1,de,prp,0
1,dois,num,0
1,anos,n,0
1,.,.,0
2,Logo,adv,0
2,no,adj,0
2,início,n,0
2,desta,adj,0
2,experiência,n,0
2,migratória,adj,0
2,–,adj,0
2,cheguei,v-fin,0
2,a,art,0
2,Fortaleza,n,0
2,em,prp,0
2,fevereiro,n,0
2,de,prp,0
2,2000,num,0
2,",",",",0
2,afortunadamente,adv,0
2,",",",",0
2,conheci,v-fin,0
2,uma,art,0
2,conterrânea,n,0
2,e,conj-c,0
2,",",",",0
2,através,adv,0
2,dela,prop,0
2,",",",",0
2,fui,v-fin,0
2,acolhido,v-pcp,0
2,ﬁ,n,0
2,lial,adj,0
2,e,conj-c,0
2,fraternalmente,adj,0
2,no,adj,0
2,âmbito,adj,0
2,de,prp,0
2,sua,pron-det,0
2,família,n,0
2,.,.,0
3,Esta,prop,0
3,",",",",0
3,de,prp,0
3,raízes,n,0
3,paraibanas,adj,0
3,",",",",0
3,cuja,pron-det,0
3,segunda,adj,0
3,geração,n,0
3,nascera,adj,0
3,e,conj-c,0
3,se,pron-pers,0
3,criara,v-fin,0
3,no,n,0
3,Rio,adj,0
3,de,prp,0
3,Janeiro,prop,0
3,",",",",0
3,experimentou,v-fin,0
3,o,art,0
3,“,n,0
3,êxodo,adj,0
3,”,adj,0
3,para,prp,0
3,a,art,0
3,capital,n,0
3,cearense,adj,0
3,.,.,0
4,O,art,0
4,seu,pron-det,0
4,nome,n,0
4,",",",",0
4,Pilá,prop,0
4,;,;,0
4,ﬁ,prop,0
4,lha,adj,0
4,segunda,adj,0
4,dos,v-pcp,0
4,patriarcas,adj,0
4,da,adj,0
4,família,n,0
4,.,.,0
5,No,prop,0
5,aconchego,v-fin,0
5,de,prp,0
5,sua,pron-det,0
5,casa,n,0
5,",",",",0
5,muitas,pron-det,0
5,vezes,n,0
5,ao,prp,0
5,redor,n,0
5,da,adj,0
5,mesa,adj,0
5,farta,adj,0
5,",",",",0
5,sempre,adv,0
5,regada,v-pcp,0
5,com,prp,0
5,a,art,0
5,bebida,n,0
5,que,pron-indp,0
5,alegra,v-fin,0
5,o,art,0
5,coração,n,0
5,",",",",0
5,sentávamos,v-fin,0
5,para,prp,0
5,prosear,v-inf,0
5,longa,adj,0
5,e,conj-c,0
5,alegremente,adj,0
5,.,.,0
6,Outras,n,0
6,vezes,n,0
6,",",",",0
6,as,art,0
6,conversas,n,0
6,se,pron-pers,0
6,davam,v-fin,0
6,próximo,adj,0
6,de,prp,0
6,um,art,0
6,coqueiro,n,0
6,",",",",0
6,no,n,0
6,quintal,adj,0
6,da,v-fin,0
6,casa,n,0
6,.,.,0
7,Ali,prop,0
7,",",",",0
7,num,prop,0
7,recinto,v-fin,0
7,pequeno,adj,0
7,e,conj-c,0
7,aconchegante,adv,0
7,",",",",0
7,as,art,0
7,dimensões,n,0
7,pareciam,v-fin,0
7,se,pron-pers,0
7,alongar,v-inf,0
7,quilometricamente,adv,0
7,quando,adv,0
7,",",",",0
7,transpondo,v-ger,0
7,os,art,0
7,limites,n,0
7,do,adj,0
7,tempo,n,0
7,e,conj-c,0
7,do,v-fin,0
7,espaço,n,0
7,",",",",0
7,viajávamos,v-fin,0
7,nas,adj,0
7,longas,adj,0
7,estórias,n,0
7,vividas,v-pcp,0
7,pelos,prp,0
7,membros,n,0
7,da,adj,0
7,família,n,0
7,desde,prp,0
7,os,art,0
7,inícios,n,0
7,telúricos,adj,0
7,na,adj,0
7,Paraíba,prop,0
7,",",",",0
7,passando,v-ger,0
7,pelos,n,0
7,anos,n,0
7,heróicos,adj,0
7,de,prp,0
7,verdadeira,n,0
7,gênese,adj,0
7,–,v-fin,0
7,com,prp,0
7,a,art,0
7,dor,n,0
7,e,conj-c,0
7,a,art,0
7,alegria,n,0
7,que,pron-indp,0
7,todo,pron-det,0
7,parto,v-pcp,0
7,compreende,v-fin,0
7,–,n,0
7,da,adj,0
7,prole,v-fin,0
7,no,adv,0
7,Jardim,n,0
7,do,adj,0
7,Noia,prop,0
7,",",",",0
7,até,prp,0
7,o,art,0
7,retorno,n,0
7,benfazejo,prop,0
7,às,adv,0
7,terras,adj,0
7,nordestinas,adj,0
7,.,.,0
8,De,v-fin,0
8,tanto,adv,0
8,ouvir,v-inf,0
8,aqueles,pron-det,0
8,casos,n,0
8,",",",",0
8,de,prp,0
8,acompanhar,v-inf,0
8,narrativamente,adv,0
8,a,art,0
8,saga,n,0
8,daquelas,adj,0
8,pessoas,n,0
8,",",",",0
8,aquela,pron-det,0
8,história,n,0
8,foi,v-fin,0
8,ﬁ,adj,0
8,cando,v-ger,0
8,familiar,v-inf,0
8,",",",",0
8,como,adv,0
8,se,pron-pers,0
8,paulatinamente,adv,0
8,eu,pron-pers,0
8,fosse,v-fin,0
8,me,pron-pers,0
8,tornando,v-ger,0
8,–,n,0
8,para,prp,0
8,além,prop,0
8,da,v-fin,0
8,mesma,pron-det,0
8,origem,n,0
8,batismal,adj,0
8,e,conj-c,0
8,geográﬁ,adj,0
8,ca,v-fin,0
8,–,v-inf,0
8,um,art,0
8,membro,n,0
8,também,adv,0
8,de,prp,0
8,sangue,n,0
8,daquela,adj,0
8,família,n,0
8,.,.,0
9,São,v-fin,0
9,estas,pron-det,0
9,estórias,n,0
9,",",",",0
9,pelo,n,0
9,menos,pron-det,0
9,parte,n,0
9,essencial,adj,0
9,delas,n,0
9,",",",",0
9,que,pron-indp,0
9,Deribaldo,prop,0
9,",",",",0
9,sobrinho,n,0
9,de,prp,0
9,Pilá,prop,0
9,",",",",0
9,evoca,n,0
9,e,conj-c,0
9,revive,v-fin,0
9,agora,adv,0
9,neste,prp,0
9,seu,pron-det,0
9,Um,n,0
9,jardim,n,0
9,chamado,v-pcp,0
9,Noia,prop,0
9,.,.,0
10,O,art,0
10,título,n,0
10,evoca,v-fin,0
10,o,art,0
10,lugar,n,0
10,",",",",0
10,na,adv,0
10,Baixada,v-pcp,0
10,Fluminense,adj,0
10,",",",",0
10,onde,adv,0
10,a,art,0
10,família,n,0
10,morou,v-fin,0
10,por,prp,0
10,aproximadamente,adv,0
10,22,num,0
10,anos,n,0
10,.,.,0
11,De,prop,0
11,forma,n,0
11,direta,adj,0
11,",",",",0
11,simples,adj,0
11,e,conj-c,0
11,coloquial,adj,0
11,",",",",0
11,Deri,prop,0
11,descreve,v-fin,0
11,os,art,0
11,fatos,n,0
11,",",",",0
11,narrandoos,v-fin,0
11,quase,adv,0
11,de,prp,0
11,uma,art,0
11,vez,n,0
11,só,adv,0
11,–,prop,0
11,como,adv,0
11,se,pron-pers,0
11,esvazia,v-fin,0
11,sofregamente,adv,0
11,um,art,0
11,copo,n,0
11,de,prp,0
11,cerveja,n,0
11,numa,adj,0
11,tarde,adv,0
11,ensolarada,v-pcp,0
11,de,prp,0
11,domingo,n,0
11,.,.,0
12,O,art,0
12,leitor,n,0
12,pode,v-fin,0
12,",",",",0
12,eventualmente,adv,0
12,",",",",0
12,se,pron-pers,0
12,atordoar,v-fin,0
12,com,prp,0
12,a,art,0
12,virada,n,0
12,do,adj,0
12,copo,v-fin,0
12,",",",",0
12,mas,conj-c,0
12,ﬁ,prop,0
12,cará,v-fin,0
12,deliciado,v-pcp,0
12,com,prp,0
12,a,art,0
12,narrativa,n,0
12,dos,v-pcp,0
12,fatos,adj,0
12,",",",",0
12,com,prp,0
12,a,art,0
12,descrição,n,0
12,",",",",0
12,por,prp,0
12,vezes,n,0
12,pitoresca,adj,0
12,",",",",0
12,das,v-pcp,0
12,pessoas,n,0
12,e,conj-c,0
12,dos,v-pcp,0
12,lugares,adj,0
12,",",",",0
12,com,prp,0
12,a,art,0
12,riqueza,n,0
12,de,prp,0
12,pormenores,n,0
12,e,conj-c,0
12,",",",",0
12,por,prp,0
12,que,pron-indp,0
12,não,adv,0
12,dizer,v-inf,0
12,",",",",0
12,marcado,v-pcp,0
12,também,adv,0
12,pela,v-fin,0
12,dureza,n,0
12,do,adj,0
12,cenário,adj,0
12,",",",",0
12,onde,adv,0
12,as,art,0
12,personagens,n,0
12,desenvolvem,v-fin,0
12,a,art,0
12,trama,n,0
12,do,v-fin,0
12,seu,pron-det,0
12,cotidiano,n,0
12,existencial,adj,0
12,.,.,0
13,Mas,v-fin,0
13,o,art,0
13,autor,n,0
13,não,adv,0
13,se,pron-pers,0
13,limita,v-fin,0
13,a,prp,0
13,contar,v-inf,0
13,a,art,0
13,história,n,0
13,.,.,0
14,No,n,0
14,interior,n,0
14,mesmo,adv,0
14,dos,v-pcp,0
14,fatos,n,0
14,contados,v-pcp,0
14,brotam,v-fin,0
14,desabafos,n,0
14,",",",",0
14,questionamentos,n,0
14,e,conj-c,0
14,denúncias,n,0
14,que,pron-indp,0
14,vão,v-fin,0
14,se,pron-pers,0
14,costurando,v-ger,0
14,em,prp,0
14,torno,n,0
14,da,adj,0
14,linha,n,0
14,mestra,adj,0
14,da,v-fin,0
14,narrativa,adj,0
14,:,v-inf,0
14,a,art,0
14,violência,n,0
14,urbana,adj,0
14,",",",",0
14,o,art,0
14,êxodo,n,0
14,rural,adj,0
14,",",",",0
14,a,art,0
14,desigualdade,n,0
14,de,prp,0
14,um,art,0
14,sistema,n,0
14,social,adj,0
14,injusto,v-pcp,0
14,",",",",0
14,os,art,0
14,sonhos,n,0
14,e,conj-c,0
14,opções,n,0
14,abortados,v-pcp,0
14,por,prp,0
14,falta,n,0
14,de,prp,0
14,oportunidade,n,0
14,",",",",0
14,etc,prop,0
14,.,.,0
15,Questões,n,0
15,atualíssimas,v-fin,0
15,que,conj-s,0
15,nos,pron-pers,0
15,desaﬁ,v-fin,0
15,am,v-inf,0
15,a,prp,0
15,todos,pron-det,0
15,.,.,0
16,Eu,prop,0
16,",",",",0
16,que,pron-indp,0
16,conheço,v-fin,0
16,uma,art,0
16,parcela,n,0
16,pequena,adj,0
16,da,v-fin,0
16,favela,n,0
16,da,adj,0
16,Rocinha,prop,0
16,",",",",0
16,vejo,v-fin,0
16,este,pron-det,0
16,drama,n,0
16,social,adj,0
16,vivido,v-pcp,0
16,em,prp,0
16,muitos,pron-det,0
16,dos,v-pcp,0
16,nossos,pron-det,0
16,“,n,0
16,Paraíbas,adj,0
16,”,v-fin,0
16,que,pron-indp,0
16,lá,adv,0
16,vivem,v-fin,0
16,e,conj-c,0
16,continuam,v-fin,0
16,a,prp,0
16,chegar,v-inf,0
16,.,.,0
17,O,art,0
17,núcleo,n,0
17,da,adj,0
17,história,adj,0
17,",",",",0
17,contudo,adv,0
17,",",",",0
17,parece-me,v-fin,0
17,que,conj-s,0
17,está,v-fin,0
17,na,adj,0
17,vivência,v-fin,0
17,no,adj,0
17,interior,n,0
17,de,prp,0
17,uma,art,0
17,família,n,0
17,que,pron-indp,0
17,",",",",0
17,apesar,adv,0
17,de,prp,0
17,todos,pron-det,0
17,os,art,0
17,percalços,n,0
17,e,conj-c,0
17,diﬁ,v-fin,0
17,culdades,n,0
17,",",",",0
17,soube,v-fin,0
17,cultivar,v-inf,0
17,valores,n,0
17,sólidos,adj,0
17,",",",",0
17,permitindo,v-ger,0
17,aos,adv,0
17,membros,n,0
17,do,v-fin,0
17,“,N<{'185/60_R_14'},0
17,clã,n,0
17,”,prop,0
17,não,adv,0
17,só,adv,0
17,uma,art,0
17,estrutura,n,0
17,unida,v-pcp,0
17,e,conj-c,0
17,coesa,adj,0
17,",",",",0
17,como,adv,0
17,também,adv,0
17,atravessar,v-fin,0
17,com,prp,0
17,segurança,n,0
17,um,art,0
17,abismo,n,0
17,que,pron-indp,0
17,os,art,0
17,podia,v-fin,0
17,levar,v-inf,0
17,à,adv,0
17,marginalidade,n,0
17,criminal,adj,0
17,.,.,0
18,Daí,prop,0
18,a,art,0
18,saudade,n,0
18,",",",",0
18,confessadamente,adv,0
18,sentida,v-pcp,0
18,pelo,n,0
18,autor,n,0
18,",",",",0
18,daqueles,v-fin,0
18,anos,n,0
18,vividos,v-pcp,0
18,no,prp,0
18,meio,adj,0
18,da,n,0
18,parentela,adj,0
18,",",",",0
18,inserida,v-pcp,0
18,no,adv,0
18,Jardim,adj,0
18,maior,adj,0
18,do,n,0
18,Noia,adj,0
18,",",",",0
18,com,prp,0
18,seus,pron-det,0
18,folguedos,n,0
18,juninos,adj,0
18,",",",",0
18,jogos,n,0
18,de,prp,0
18,futebol,n,0
18,e,conj-c,0
18,experiências,n,0
18,várias,pron-det,0
18,de,prp,0
18,caráter,n,0
18,social,adj,0
18,",",",",0
18,religioso,adj,0
18,e,conj-c,0
18,familiar,v-inf,0
18,que,conj-s,0
18,conﬁ,v-fin,0
18,guravam,v-fin,0
18,uma,art,0
18,autêntica,adj,0
18,vivência,n,0
18,em,prp,0
18,comunidade,n,0
18,.,.,0
19,Surge,prop,0
19,",",",",0
19,então,adv,0
19,",",",",0
19,a,art,0
19,pergunta,n,0
19,inquietante,adj,0
19,:,adj,0
19,no,adj,0
19,falso,adj,0
19,dualismo,n,0
19,indivíduo-comunidade,n,0
19,",",",",0
19,que,pron-indp,0
19,cada,pron-det,0
19,vez,n,0
19,mais,adv,0
19,se,pron-pers,0
19,impõe,v-fin,0
19,nos,pron-pers,0
19,meios,n,0
19,urbanos,adj,0
19,e,conj-c,0
19,abastados,v-pcp,0
19,",",",",0
19,como,adv,0
19,manter,v-inf,0
19,uma,art,0
19,saudável,adj,0
19,e,conj-c,0
19,harmoniosa,adj,0
19,articulação,n,0
19,entre,prp,0
19,os,art,0
19,dois,num,0
19,pólos,n,0
19,?,?,0
20,Como,prp,0
20,encontrar,v-inf,0
20,nas,adj,0
20,famílias,n,0
20,de,prp,0
20,hoje,adv,0
20,–,prop,0
20,é,v-fin,0
20,o,art,0
20,questionamento,n,0
20,que,pron-indp,0
20,o,art,0
20,autor,n,0
20,faz,v-fin,0
20,de,prp,0
20,si,pron-pers,0
20,mesmo,adv,0
20,–,conj-s,0
20,pessoas,n,0
20,que,pron-indp,0
20,promovam,v-fin,0
20,essa,pron-det,0
20,integração,n,0
20,?,?,0
21,Talvez,adv,0
21,não,adv,0
21,concordemos,v-fin,0
21,com,prp,0
21,todas,pron-det,0
21,as,art,0
21,proposições,n,0
21,do,v-fin,0
21,autor,n,0
21,.,.,0
22,Mas,v-fin,0
22,a,art,0
22,sua,pron-det,0
22,voz,n,0
22,é,v-fin,0
22,sincera,adj,0
22,",",",",0
22,atual,adj,0
22,e,conj-c,0
22,pertinente,adj,0
22,.,.,0
23,O,art,0
23,leitor,n,0
23,vai,v-fin,0
23,conferir,v-inf,0
23,ao,prp,0
23,longo,adj,0
23,da,n,0
23,leitura.No,adj,0
23,Jardim,adj,0
23,do,adj,0
23,Noia,prop,0
23,",",",",0
23,Deri,v-fin,0
23,nos,pron-pers,0
23,conta,v-fin,0
23,que,conj-s,0
23,havia,v-fin,0
23,uma,art,0
23,fruteira,n,0
23,estéril,adj,0
23,",",",",0
23,que,pron-indp,0
23,nunca,adv,0
23,produziu,v-fin,0
23,frutos,n,0
23,.,.,0
24,Em,prop,0
24,Fortaleza,n,0
24,",",",",0
24,na,v-fin,0
24,casa,n,0
24,de,prp,0
24,D.,n,0
24,Pilá,prop,0
24,",",",",0
24,há,v-fin,0
24,um,art,0
24,coqueiro,n,0
24,sob,prp,0
24,o,art,0
24,qual,pron-det,0
24,muitas,pron-det,0
24,vezes,n,0
24,nos,pron-pers,0
24,reunimos,v-fin,0
24,para,prp,0
24,ouvir,v-inf,0
24,as,art,0
24,aventuras,n,0
24,da,adj,0
24,família,n,0
24,.,.,0
25,Os,art,0
25,frutos,n,0
25,do,adj,0
25,coqueiro,adj,0
25,são,v-fin,0
25,abundantes,adj,0
25,",",",",0
25,e,conj-c,0
25,a,art,0
25,doçura,n,0
25,de,prp,0
25,sua,pron-det,0
25,água,n,0
25,surpreende,v-fin,0
25,a,prp,0
25,qualquer,pron-det,0
25,um,num,0
25,.,.,0
26,Quem,v-fin,0
26,sabe,v-fin,0
26,não,adv,0
26,vejamos,v-fin,0
26,aí,adv,0
26,–,v-fin,0
26,nos,pron-pers,0
26,frutos,n,0
26,da,v-fin,0
26,terra,n,0
26,–,v-fin,0
26,a,art,0
26,vida,n,0
26,e,conj-c,0
26,o,art,0
26,trabalho,n,0
26,recompensados,v-pcp,0
26,dos,v-pcp,0
26,patriarcas,adj,0
26,Isidro,adj,0
26,e,conj-c,0
26,Cassiana,adj,0
26,?,?,0
26,!,!,0
27,Assim,adv,0
27,também,adv,0
27,somos,v-fin,0
27,convidados,v-pcp,0
27,a,prp,0
27,vislumbrar,v-inf,0
27,",",",",0
27,nesta,adj,0
27,história,n,0
27,de,prp,0
27,Deri,prop,0
27,",",",",0
27,uma,art,0
27,frutífera,adj,0
27,produção,n,0
27,de,prp,0
27,um,art,0
27,Jardim,n,0
27,chamado,v-pcp,0
27,Noia,prop,0
27,.,.,0
28,Eu,prop,0
28,",",",",0
28,particularmente,adv,0
28,",",",",0
28,sou,v-fin,0
28,grato,n,0
28,ao,prp,0
28,autor,n,0
28,pelo,adj,0
28,convite,n,0
28,de,prp,0
28,prefaciar,v-inf,0
28,este,pron-det,0
28,livro,n,0
28,.,.,0
29,E,prop,0
29,",",",",0
29,ao,prp,0
29,fazê-lo,prop,0
29,",",",",0
29,sinto-me,v-fin,0
29,feliz,pron-pers,0
29,por,prp,0
29,me,pron-pers,0
29,considerar,v-inf,0
29,um,art,0
29,rebento,n,0
29,tardio,adj,0
29,deste,v-fin,0
29,Jardim.Ao,adj,0
29,coração,n,0
29,de,prp,0
29,Josinaldo,n,0
29,Santos,adj,0
29,",",",",0
29,porque,conj-s,0
29,o,art,0
29,amor,n,0
29,nunca,adv,0
29,há,v-fin,0
29,de,prp,0
29,morrer,v-inf,0
29,!,!,0
29,Em,adj,0
29,Fortaleza,n,0
29,",",",",0
29,onde,adv,0
29,habitamos,v-fin,0
29,os,art,0
29,mesmos,pron-det,0
29,espaços,n,0
29,das,v-pcp,0
29,pessoas,n,0
29,ditas,adj,0
29,de,prp,0
29,classe,n,0
29,média,adj,0
29,",",",",0
29,o,art,0
29,mundo,n,0
29,se,pron-pers,0
29,apresenta,v-fin,0
29,diferente,adj,0
29,da,adv,0
29,rua,n,0
29,da,prop,0
29,lama,prop,0
29,.,.,0
30,Na,prop,0
30,ﬁ,v-fin,0
30,la,pron-pers,0
30,do,adj,0
30,teatro,n,0
30,",",",",0
30,as,art,0
30,criaturas,n,0
30,têm,v-fin,0
30,o,art,0
30,mesmo,pron-det,0
30,cheiro,n,0
30,",",",",0
30,parecem,v-fin,0
30,usar,v-inf,0
30,o,art,0
30,mesmo,pron-det,0
30,perfume,n,0
30,",",",",0
30,e,conj-c,0
30,suas,pron-det,0
30,roupas,n,0
30,fazem-me,adj,0
30,crer,v-inf,0
30,que,conj-s,0
30,são,v-fin,0
30,de,prp,0
30,um,art,0
30,único,adj,0
30,guarda,n,0
30,–,adj,0
30,roupas,n,0
30,.,.,0
31,Homens,n,0
31,e,conj-c,0
31,mulheres,n,0
31,com,prp,0
31,a,art,0
31,pele,n,0
31,impecavelmente,adj,0
31,branca,adj,0
31,portam,v-fin,0
31,na,adv,0
31,cintura,n,0
31,",",",",0
31,de,prp,0
31,um,art,0
31,lado,n,0
31,",",",",0
31,o,art,0
31,celular,n,0
31,e,conj-c,0
31,",",",",0
31,do,prp,0
31,outro,pron-det,0
31,",",",",0
31,a,art,0
31,chave,n,0
31,do,v-fin,0
31,carro,n,0
31,",",",",0
31,em,prp,0
31,convivência,n,0
31,pacíﬁ,adj,0
31,ca,prop,0
31,",",",",0
31,como,adv,0
31,se,pron-pers,0
31,fossem,v-fin,0
31,órgãos,n,0
31,do,adj,0
31,próprio,adj,0
31,corpo,n,0
31,.,.,0
32,Após,prop,0
32,algum,pron-det,0
32,espetáculo,n,0
32,",",",",0
32,não,adv,0
32,é,v-fin,0
32,raro,adj,0
32,ouvirmos,v-inf,0
32,",",",",0
32,além,prp,0
32,dos,v-pcp,0
32,comentários,n,0
32,embasados,v-pcp,0
32,em,prp,0
32,críticos,n,0
32,reconhecidos,v-pcp,0
32,pela,v-fin,0
32,mídia,adv,0
32,",",",",0
32,algumas,pron-det,0
32,conversas,n,0
32,sobre,prp,0
32,o,art,0
32,melhor,adj,0
32,da,n,0
32,arte,n,0
32,mundial,adj,0
32,que,pron-indp,0
32,acontece,v-fin,0
32,",",",",0
32,segundo,prp,0
32,esses,pron-det,0
32,perfumados,v-pcp,0
32,comentaristas,adj,0
32,",",",",0
32,em,prp,0
32,São,prop,0
32,Paulo,adj,0
32,",",",",0
32,Paris,prop,0
32,",",",",0
32,Nova,adj,0
32,Iorque,n,0
32,",",",",0
32,ou,conj-c,0
32,na,adv,0
32,terra,n,0
32,de,prp,0
32,algum,pron-det,0
32,colonizador,n,0
32,",",",",0
32,mas,conj-c,0
32,nunca,adv,0
32,em,prp,0
32,Fortaleza,n,0
32,",",",",0
32,pois,conj-s,0
32,",",",",0
32,nas,adj,0
32,palavras,n,0
32,desses,adj,0
32,",",",",0
32,“,v-fin,0
32,o,art,0
32,povo,n,0
32,daqui,adj,0
32,é,v-fin,0
32,atrasado,v-pcp,0
32,e,conj-c,0
32,só,adv,0
32,gosta,v-fin,0
32,de,prp,0
32,forró,n,0
32,com,prp,0
32,tapioca,n,0
32,",",",",0
32,não,adv,0
32,entendendo,v-ger,0
32,jamais,adv,0
32,uma,art,0
32,grande,adj,0
32,obra,n,0
32,de,prp,0
32,arte,n,0
32,”,adj,0
32,.,.,0
33,Nos,prop,0
33,shoppings,v-fin,0
33,da,adj,0
33,cidade,n,0
33,",",",",0
33,habitat,n,0
33,natural,adj,0
33,dessas,adj,0
33,pessoas,n,0
33,",",",",0
33,é,v-fin,0
33,onde,adv,0
33,compro,prop,0
33,o,pron-det,0
33,que,pron-indp,0
33,procuro,v-fin,0
33,para,prp,0
33,parecer,v-inf,0
33,com,prp,0
33,elas,pron-pers,0
33,",",",",0
33,pois,conj-s,0
33,na,v-fin,0
33,lógica,adj,0
33,vigente,adv,0
33,adquiro,adj,0
33,os,art,0
33,mesmos,pron-det,0
33,adereços,n,0
33,:,adj,0
33,roupas,n,0
33,",",",",0
33,chaveiros,n,0
33,",",",",0
33,aparelhos,n,0
33,celulares,adj,0
33,e,conj-c,0
33,até,adv,0
33,o,art,0
33,perfume,n,0
33,que,pron-indp,0
33,garante,v-fin,0
33,o,art,0
33,mesmo,pron-det,0
33,cheiro,n,0
33,.,.,0
34,Mesmo,adv,0
34,assim,adv,0
34,",",",",0
34,entretanto,adv,0
34,",",",",0
34,os,art,0
34,olhares,n,0
34,disparados,v-pcp,0
34,dos,v-pcp,0
34,aromados,v-pcp,0
34,cidadãos,n,0
34,em,prp,0
34,minha,pron-det,0
34,direção,n,0
34,garantem,v-fin,0
34,que,conj-s,0
34,sou,v-fin,0
34,mesmo,adv,0
34,diferente,adj,0
34,e,conj-c,0
34,por,prp,0
34,mais,pron-det,0
34,que,pron-indp,0
34,eu,pron-pers,0
34,queira,v-fin,0
34,disfarçar,v-inf,0
34,a,art,0
34,cor,n,0
34,de,prp,0
34,minha,pron-det,0
34,pele,n,0
34,e,conj-c,0
34,minha,pron-det,0
34,origem,n,0
34,",",",",0
34,com,prp,0
34,os,art,0
34,artifícios,n,0
34,usados,v-pcp,0
34,por,prp,0
34,pessoas,n,0
34,de,prp,0
34,classe,n,0
34,média,adj,0
34,",",",",0
34,é,v-fin,0
34,inevitável,adj,0
34,a,prp,0
34,reﬂ,v-inf,0
34,exão,n,0
34,:,adj,0
34,sou,v-fin,0
34,negro,adj,0
34,",",",",0
34,sim,adv,0
34,!,!,0
35,Como,adv,0
35,se,conj-s,0
35,não,adv,0
35,bastasse,v-fin,0
35,a,art,0
35,polícia,n,0
35,que,pron-indp,0
35,constantemente,v-fin,0
35,me,pron-pers,0
35,para,prp,0
35,no,v-inf,0
35,meio,n,0
35,da,adj,0
35,rua,n,0
35,para,prp,0
35,um,art,0
35,baculejo.Mesmo,n,0
35,para,prp,0
35,mim,pron-pers,0
35,",",",",0
35,que,pron-indp,0
35,defendo,v-ger,0
35,não,adv,0
35,existir,v-inf,0
35,nenhum,pron-det,0
35,problema,n,0
35,em,prp,0
35,ter,v-inf,0
35,a,art,0
35,pele,n,0
35,clara,adj,0
35,",",",",0
35,aﬁ,n,0
35,nal,adj,0
35,ser,v-inf,0
35,branco,adj,0
35,é,v-fin,0
35,tão,adv,0
35,lindo,adj,0
35,quanto,adv,0
35,ser,v-inf,0
35,negro,adj,0
35,",",",",0
35,infelizmente,adv,0
35,constato,v-fin,0
35,na,prop,0
35,pele,v-fin,0
35,:,v-inf,0
35,a,art,0
35,maioria,n,0
35,dos,v-pcp,0
35,nossos,pron-det,0
35,cultos,n,0
35,moradores,adj,0
35,não,adv,0
35,pensa,v-fin,0
35,assim,adv,0
35,.,.,0
36,Ascender,v-inf,0
36,à,adv,0
36,classe,n,0
36,média,adj,0
36,não,adv,0
36,mudou,v-fin,0
36,a,art,0
36,cor,n,0
36,da,adj,0
36,minha,pron-det,0
36,pele,n,0
36,nem,conj-c,0
36,sua,pron-det,0
36,marca,n,0
36,histórica.No,adj,0
36,Jardim,n,0
36,Noia,adj,0
36,ou,conj-c,0
36,na,adv,0
36,rua,n,0
36,da,prop,0
36,lama,prop,0
36,",",",",0
36,eu,pron-pers,0
36,era,v-fin,0
36,negro,adj,0
36,.,.,0
37,Com,prop,0
37,a,art,0
37,chegada,n,0
37,em,prp,0
37,Fortaleza,n,0
37,",",",",0
37,no,adj,0
37,entanto,n,0
37,",",",",0
37,as,art,0
37,pessoas,n,0
37,fazem,v-fin,0
37,questão,n,0
37,de,prp,0
37,dizer,v-inf,0
37,que,conj-s,0
37,eu,pron-pers,0
37,não,adv,0
37,sou,v-fin,0
37,negro,adj,0
37,",",",",0
37,dizem,v-fin,0
37,",",",",0
37,carinhosamente,adv,0
37,:,v-fin,0
37,“,adv,0
37,Você,n,0
37,é,v-fin,0
37,apenas,adv,0
37,moreninho,adj,0
37,”,adj,0
37,.,.,0
38,Todavia,prop,0
38,",",",",0
38,no,v-fin,0
38,chão,n,0
38,da,adj,0
38,realidade,n,0
38,",",",",0
38,a,art,0
38,sociedade,n,0
38,culta,adj,0
38,",",",",0
38,cheirosa,adj,0
38,e,conj-c,0
38,arrumada,v-pcp,0
38,de,prp,0
38,Fortaleza,n,0
38,não,adv,0
38,tem,v-fin,0
38,nenhum,pron-det,0
38,constrangimento,n,0
38,de,prp,0
38,me,pron-pers,0
38,provar,v-inf,0
38,o,art,0
38,contrário,n,0
38,.,.,0
39,Suas,v-fin,0
39,atitudes,n,0
39,me,pron-pers,0
39,conﬁ,v-fin,0
39,rmam,v-inf,0
39,:,prop,0
39,sou,v-fin,0
39,negro,adj,0
39,",",",",0
39,sim,adv,0
39,",",",",0
39,e,conj-c,0
39,não,adv,0
39,deveria,v-fin,0
39,estar,v-inf,0
39,entre,prp,0
39,eles,pron-pers,0
39,",",",",0
39,o,art,0
39,lugar,n,0
39,de,prp,0
39,preto,n,0
39,é,v-fin,0
39,na,adj,0
39,favela,n,0
39,de,prp,0
39,onde,adv,0
39,saí,prop,0
39,e,conj-c,0
39,para,prp,0
39,onde,adv,0
39,devo,v-fin,0
39,voltar,v-inf,0
39,.,.,0
40,O,art,0
40,racismo,n,0
40,aqui,adv,0
40,é,v-fin,0
40,tão,adv,0
40,forte,adj,0
40,que,conj-s,0
40,",",",",0
40,mesmo,adv,0
40,um,art,0
40,negro,n,0
40,possuidor,adj,0
40,dos,v-pcp,0
40,meios,n,0
40,materiais,adj,0
40,de,prp,0
40,sobrevivência,n,0
40,da,adj,0
40,classe,v-fin,0
40,média,n,0
40,não,adv,0
40,pode,v-fin,0
40,ser,v-inf,0
40,preto,adj,0
40,.,.,0
41,Será,v-fin,0
41,que,conj-s,0
41,se,pron-pers,0
41,eu,pron-pers,0
41,estivesse,v-fin,0
41,nos,pron-pers,0
41,semáforos,n,0
41,",",",",0
41,limpando,v-ger,0
41,para,prp,0
41,-,-,0
41,brisa,prop,0
41,de,prp,0
41,carro,n,0
41,",",",",0
41,onde,adv,0
41,inúmeros,adj,0
41,afrodescendentes,n,0
41,permanecem,num,0
41,dia,n,0
41,após,prp,0
41,dia,n,0
41,sem,prp,0
41,a,art,0
41,mínima,adj,0
41,condição,n,0
41,de,prp,0
41,dignidade,n,0
41,",",",",0
41,estaria,v-fin,0
41,bom,adj,0
41,para,prp,0
41,a,art,0
41,Fortaleza,n,0
41,?,?,0
42,Para,v-fin,0
42,esta,pron-det,0
42,cidade,n,0
42,que,pron-indp,0
42,prefere,v-fin,0
42,se,conj-s,0
42,inventar,v-inf,0
42,branca,n,0
42,?,?,0
43,Digo-lhes,n,0
43,:,pron-pers,0
43,ainda,adv,0
43,hoje,adv,0
43,continuo,v-fin,0
43,sem,prp,0
43,paz,n,0
43,.,.,0
44,O,art,0
44,problema,n,0
44,não,adv,0
44,era,v-fin,0
44,o,art,0
44,Noia,n,0
44,.,.,0
45,Realmente,adv,0
45,",",",",0
45,não,adv,0
45,estava,v-fin,0
45,nesse,v-fin,0
45,bairro,n,0
45,a,art,0
45,salvação,n,0
45,da,adj,0
45,humanidade,n,0
45,",",",",0
45,pois,conj-s,0
45,a,art,0
45,paz,n,0
45,do,v-fin,0
45,mundo,n,0
45,é,v-fin,0
45,muito,adv,0
45,maior,adj,0
45,do,n,0
45,que,conj-s,0
45,a,art,0
45,do,n,0
45,Jardim,adj,0
45,Noia,adj,0
45,e,conj-c,0
45,",",",",0
45,não,adv,0
45,tendo,v-ger,0
45,como,adv,0
45,empreender,n,0
45,essa,pron-det,0
45,discussão,n,0
45,aqui,adv,0
45,",",",",0
45,entrego-a,v-fin,0
45,para,prp,0
45,teólogos,n,0
45,",",",",0
45,ﬁ,prop,0
45,lósofos,prop,0
45,",",",",0
45,politólogos,n,0
45,e,conj-c,0
45,demais,adv,0
45,teóricos,adj,0
45,que,pron-indp,0
45,se,pron-pers,0
45,iludem,v-fin,0
45,em,prp,0
45,tentar,v-inf,0
45,encontrar,v-inf,0
45,soluções,n,0
45,perfeitas,adj,0
45,para,prp,0
45,os,art,0
45,problemas,n,0
45,",",",",0
45,com,prp,0
45,a,art,0
45,astuta,n,0
45,defesa,n,0
45,de,prp,0
45,suas,pron-det,0
45,crenças,n,0
45,e,conj-c,0
45,teorias.Este,n,0
45,é,v-fin,0
45,realmente,adv,0
45,o,art,0
45,grande,adj,0
45,dilema,n,0
45,.,.,0
46,Viver,v-fin,0
46,no,pron-pers,0
46,Noia,n,0
46,sambando,v-ger,0
46,",",",",0
46,tolerando,v-ger,0
46,o,art,0
46,intolerável,adj,0
46,",",",",0
46,desfrutando,v-ger,0
46,das,v-pcp,0
46,emoções,n,0
46,de,prp,0
46,uma,art,0
46,verdadeira,n,0
46,família,n,0
46,",",",",0
46,assistindo,v-ger,0
46,aos,n,0
46,ﬁ,adj,0
46,lhos,adj,0
46,jogar,v-inf,0
46,bola,n,0
46,e,conj-c,0
46,soltar,v-inf,0
46,pipa,n,0
46,",",",",0
46,sentindo,v-ger,0
46,aquela,pron-det,0
46,estranha,adj,0
46,sensação,n,0
46,de,prp,0
46,falta,n,0
46,de,prp,0
46,paz,n,0
46,e,conj-c,0
46,acreditando,v-ger,0
46,que,conj-s,0
46,o,art,0
46,mundo,n,0
46,é,v-fin,0
46,assim,adv,0
46,mesmo,adv,0
46,.,.,0
47,Ou,prop,0
47,",",",",0
47,do,v-fin,0
47,modo,n,0
47,como,adv,0
47,vivemos,v-fin,0
47,hoje,adv,0
47,-,-,0
47,eu,pron-pers,0
47,e,conj-c,0
47,meus,pron-det,0
47,pares,n,0
47,familiares,adj,0
47,",",",",0
47,cercados,v-pcp,0
47,dos,v-pcp,0
47,apetrechos,adj,0
47,concretos,adj,0
47,e,conj-c,0
47,simbólicos,adj,0
47,",",",",0
47,falsiﬁ,v-fin,0
47,cando,v-ger,0
47,",",",",0
47,embriagando,v-ger,0
47,",",",",0
47,entorpecendo,v-ger,0
47,e,conj-c,0
47,disfarçando,v-ger,0
47,a,art,0
47,realidade,n,0
47,para,prp,0
47,se,pron-pers,0
47,achar,v-inf,0
47,ﬁ,n,0
47,nalmente,adv,0
47,feliz.De,adj,0
47,origem,n,0
47,muito,adv,0
47,humilde,adj,0
47,",",",",0
47,descendemos,v-fin,0
47,diretamente,adv,0
47,de,prp,0
47,ex-escravos,n,0
47,",",",",0
47,e,conj-c,0
47,meu,pron-det,0
47,avô,n,0
47,",",",",0
47,Sr.,n,0
47,Isidro,prop,0
47,",",",",0
47,pai,n,0
47,de,prp,0
47,minha,pron-det,0
47,mãe,n,0
47,",",",",0
47,era,v-fin,0
47,ﬁ,adj,0
47,lho,n,0
47,de,prp,0
47,um,art,0
47,capitão,n,0
47,do,adj,0
47,mato,n,0
47,–,adj,0
47,capataz,v-fin,0
47,mestiço,n,0
47,que,pron-indp,0
47,capturava,v-fin,0
47,escravos,adj,0
47,fujões,n,0
47,em,prp,0
47,troca,n,0
47,de,prp,0
47,recompensas,n,0
47,.,.,0
48,A,art,0
48,mãe,n,0
48,dele,prop,0
48,",",",",0
48,portanto,adv,0
48,",",",",0
48,avó,n,0
48,de,prp,0
48,minha,pron-det,0
48,mãe,n,0
48,",",",",0
48,veio,v-fin,0
48,de,prp,0
48,Angola,prop,0
48,e,conj-c,0
48,chegou,v-fin,0
48,ao,prp,0
48,Brasil,prop,0
48,",",",",0
48,grávida,prop,0
48,.,.,0
49,Supõese,v-fin,0
49,que,conj-s,0
49,em,prp,0
49,decorrência,n,0
49,de,prp,0
49,um,art,0
49,estupro,n,0
49,",",",",0
49,pois,conj-s,0
49,o,art,0
49,tempo,n,0
49,de,prp,0
49,viagem,n,0
49,não,adv,0
49,permitia,v-fin,0
49,que,conj-s,0
49,ela,pron-pers,0
49,parisse,v-fin,0
49,oito,num,0
49,meses,n,0
49,depois,adv,0
49,da,v-fin,0
49,chegada,v-pcp,0
49,ao,prp,0
49,território,n,0
49,paraibano,adj,0
49,.,.,0
50,Desse,v-fin,0
50,modo,n,0
50,",",",",0
50,o,art,0
50,seu,pron-det,0
50,ﬁ,n,0
50,lho,adj,0
50,que,pron-indp,0
50,se,pron-pers,0
50,tornaria,v-fin,0
50,",",",",0
50,já,adv,0
50,no,v-fin,0
50,ﬁ,adj,0
50,m,n,0
50,da,adj,0
50,adolescência,n,0
50,",",",",0
50,um,art,0
50,capitão,n,0
50,do,adj,0
50,mato,n,0
50,e,conj-c,0
50,que,pron-indp,0
50,",",",",0
50,provavelmente,adv,0
50,",",",",0
50,era,v-fin,0
50,ﬁ,adj,0
50,lho,n,0
50,de,prp,0
50,um,art,0
50,português,n,0
50,",",",",0
50,chegara,v-fin,0
50,à,adv,0
50,Paraíba,prop,0
50,",",",",0
50,ainda,adv,0
50,no,v-fin,0
50,ventre,n,0
50,de,prp,0
50,sua,pron-det,0
50,mãe,n,0
50,",",",",0
50,por,prp,0
50,volta,n,0
50,de,prp,0
50,1882,num,0
50,",",",",0
50,período,n,0
50,em,prp,0
50,que,pron-indp,0
50,já,adv,0
50,era,v-fin,0
50,proibida,v-pcp,0
50,oﬁ,adv,0
50,cialmente,adv,0
50,a,art,0
50,compra,n,0
50,de,prp,0
50,escravos.Em,n,0
50,1968,num,0
50,",",",",0
50,em,prp,0
50,virtude,n,0
50,de,prp,0
50,uma,art,0
50,forte,adj,0
50,seca,n,0
50,que,pron-indp,0
50,castigara,v-fin,0
50,todo,pron-det,0
50,o,art,0
50,Nordeste,n,0
50,desde,prp,0
50,a,art,0
50,segunda,adj,0
50,metade,n,0
50,da,v-fin,0
50,década,v-pcp,0
50,de,prp,0
50,1960,num,0
50,",",",",0
50,minha,pron-det,0
50,família,n,0
50,foi,v-fin,0
50,aumentar,v-inf,0
50,a,art,0
50,estatística,n,0
50,dos,v-pcp,0
50,migrantes,adj,0
50,nordestinos,adj,0
50,que,pron-indp,0
50,engrossam,v-fin,0
50,os,art,0
50,cinturões,n,0
50,das,v-pcp,0
50,inúmeras,adj,0
50,favelas,n,0
50,existentes,adj,0
50,na,adj,0
50,Cidade,n,0
50,Maravilhosa.Nesse,adj,0
50,período,n,0
50,",",",",0
50,o,art,0
50,Brasil,n,0
50,vivia,v-fin,0
50,um,art,0
50,momento,n,0
50,de,prp,0
50,intensa,adj,0
50,conturbação,n,0
50,política,adj,0
50,",",",",0
50,proporcionada,v-pcp,0
50,pelo,adj,0
50,golpe,n,0
50,militar,adj,0
50,de,prp,0
50,1964,num,0
50,e,conj-c,0
50,pelo,v-fin,0
50,AI-5,num,0
50,",",",",0
50,de,prp,0
50,1968,num,0
50,.,.,0
51,Nessa,prop,0
51,época,n,0
51,",",",",0
51,o,art,0
51,governo,n,0
51,militar,adj,0
51,patrocinou,v-fin,0
51,o,art,0
51,exílio,n,0
51,",",",",0
51,expulsão,n,0
51,",",",",0
51,tortura,n,0
51,e,conj-c,0
51,morte,n,0
51,de,prp,0
51,grande,adj,0
51,parte,n,0
51,dos,v-pcp,0
51,intelectuais,adj,0
51,de,prp,0
51,nosso,pron-det,0
51,país,n,0
51,",",",",0
51,causando,v-ger,0
51,dessa,pron-det,0
51,forma,n,0
51,consequências,adj,0
51,históricas,adj,0
51,",",",",0
51,culturais,adj,0
51,e,conj-c,0
51,sociais,adj,0
51,até,prp,0
51,hoje,adv,0
51,sentidas,v-pcp,0
51,.,.,0
52,Com,prop,0
52,a,art,0
52,chegada,n,0
52,ao,prp,0
52,sul-maravilha,n,0
52,",",",",0
52,as,art,0
52,diﬁ,pron-det,0
52,culdades,n,0
52,se,pron-pers,0
52,proliferaram,v-fin,0
52,",",",",0
52,pois,conj-s,0
52,",",",",0
52,além,v-fin,0
52,da,adj,0
52,precariedade,n,0
52,da,adj,0
52,moradia,v-fin,0
52,encontrada,v-pcp,0
52,na,adv,0
52,chegada,v-pcp,0
52,",",",",0
52,os,art,0
52,adultos,n,0
52,encontravam,v-fin,0
52,empecilhos,n,0
52,na,adj,0
52,busca,n,0
52,de,prp,0
52,um,art,0
52,emprego,n,0
52,decente,adj,0
52,e,conj-c,0
52,compatível,adj,0
52,com,prp,0
52,a,art,0
52,fantasia,n,0
52,que,pron-indp,0
52,era,v-fin,0
52,propalada,v-pcp,0
52,entre,prp,0
52,todos,pron-det,0
52,os,art,0
52,nordestinos,n,0
52,que,pron-indp,0
52,chegassem,v-fin,0
52,ao,prp,0
52,Sudeste,n,0
52,.,.,0
53,As,v-fin,0
53,ocupações,n,0
53,conseguidas,v-pcp,0
53,pelos,adj,0
53,nossos,pron-det,0
53,conterrâneos,v-fin,0
53,raramente,adv,0
53,chegavam,v-fin,0
53,a,prp,0
53,ser,v-inf,0
53,de,prp,0
53,chofer,n,0
53,de,prp,0
53,ônibus,n,0
53,.,.,0
54,Nossos,n,0
54,empregos,n,0
54,",",",",0
54,em,prp,0
54,geral,prop,0
54,",",",",0
54,eram,v-fin,0
54,de,prp,0
54,serventes,n,0
54,de,prp,0
54,pedreiros,n,0
54,",",",",0
54,pedreiros,n,0
54,",",",",0
54,ajudantes,n,0
54,de,prp,0
54,carga,n,0
54,",",",",0
54,garçons,prop,0
54,",",",",0
54,e,conj-c,0
54,",",",",0
54,no,adv,0
54,caso,conj-s,0
54,das,v-pcp,0
54,mulheres,n,0
54,",",",",0
54,piniqueiras,n,0
54,e,conj-c,0
54,prostitutas,n,0
54,",",",",0
54,entre,prp,0
54,vários,pron-det,0
54,outros,pron-det,0
54,subempregos,n,0
54,destinados,v-pcp,0
54,pela,adj,0
54,elite,n,0
54,dominante,adj,0
54,aos,v-fin,0
54,estrangeiros,n,0
54,de,prp,0
54,cabeça,n,0
54,chata,adj,0
54,",",",",0
54,sotaque,conj-s,0
54,puxado,v-pcp,0
54,e,conj-c,0
54,pele,n,0
54,mesclada.Diante,adv,0
54,dessas,adj,0
54,condições,n,0
54,reais,adj,0
54,",",",",0
54,a,art,0
54,saudade,n,0
54,da,adj,0
54,terra,n,0
54,de,prp,0
54,origem,n,0
54,é,v-fin,0
54,um,art,0
54,ingrediente,adj,0
54,que,pron-indp,0
54,aﬂ,v-fin,0
54,ora,adv,0
54,naturalmente,adv,0
54,.,.,0
55,Acredito,adv,0
55,inclusive,v-fin,0
55,que,conj-s,0
55,essa,pron-det,0
55,saudade,n,0
55,",",",",0
55,o,art,0
55,banzo,prop,0
55,",",",",0
55,como,adv,0
55,era,v-fin,0
55,chamada,v-pcp,0
55,pelos,n,0
55,africanos,adj,0
55,feitos,v-pcp,0
55,escravos,adj,0
55,enraizavam-se,n,0
55,em,prp,0
55,cada,pron-det,0
55,um,pron-det,0
55,e,conj-c,0
55,entre,prp,0
55,todos,pron-det,0
55,",",",",0
55,trazendo,v-ger,0
55,a,art,0
55,lembrança,n,0
55,da,adj,0
55,terra,n,0
55,natal,adj,0
55,e,conj-c,0
55,possibilitando,v-ger,0
55,uma,art,0
55,espécie,n,0
55,de,prp,0
55,união,n,0
55,no,adj,0
55,grupo,n,0
55,.,.,0
56,O,art,0
56,banzo,n,0
56,dos,v-pcp,0
56,mais,adv,0
56,velhos,adj,0
56,provocava,v-fin,0
56,nos,pron-pers,0
56,mais,adv,0
56,novos,adj,0
56,o,art,0
56,conhecimento,n,0
56,sobre,prp,0
56,o,pron-det,0
56,que,pron-indp,0
56,havíamos,v-fin,0
56,deixado,v-pcp,0
56,para,prp,0
56,trás,adv,0
56,.,.,0
57,Lembro-me,v-fin,0
57,do,pron-pers,0
57,meu,pron-det,0
57,avô,n,0
57,",",",",0
57,seu,pron-det,0
57,Isidro,n,0
57,",",",",0
57,falando,v-ger,0
57,da,n,0
57,música,n,0
57,de,prp,0
57,Jackson,prop,0
57,do,v-fin,0
57,Pandeiro,n,0
57,",",",",0
57,dos,v-pcp,0
57,forrós,adj,0
57,em,prp,0
57,latadas,v-pcp,0
57,durante,prp,0
57,as,art,0
57,noites,n,0
57,de,prp,0
57,lua,n,0
57,cheia,adj,0
57,e,conj-c,0
57,os,art,0
57,seus,pron-det,0
57,relatos,n,0
57,da,adj,0
57,feira,n,0
57,de,prp,0
57,Campina,n,0
57,Grande,prop,0
57,",",",",0
57,a,art,0
57,qual,pron-det,0
57,tive,v-fin,0
57,a,art,0
57,alegria,n,0
57,de,prp,0
57,visitar,v-inf,0
57,algumas,pron-det,0
57,vezes,n,0
57,antes,adv,0
57,da,v-fin,0
57,partida,n,0
57,para,prp,0
57,o,art,0
57,Rio,prop,0
57,.,.,0
58,Cheguei,prop,0
58,ao,prp,0
58,Sudeste,n,0
58,quando,adv,0
58,completara,v-fin,0
58,seis,num,0
58,anos.Ele,n,0
58,",",",",0
58,quando,adv,0
58,podia,v-fin,0
58,",",",",0
58,como,adv,0
58,que,pron-indp,0
58,para,prp,0
58,reviver,v-inf,0
58,a,art,0
58,Paraíba,prop,0
58,",",",",0
58,ia,v-fin,0
58,à,adv,0
58,feira,n,0
58,de,prp,0
58,São,n,0
58,Cristóvão,adj,0
58,",",",",0
58,localizada,v-pcp,0
58,no,adv,0
58,bairro,n,0
58,de,prp,0
58,mesmo,pron-det,0
58,nome,n,0
58,",",",",0
58,onde,adv,0
58,se,pron-pers,0
58,comercializam,v-fin,0
58,produtos,n,0
58,genuinamente,adj,0
58,nordestinos,adj,0
58,.,.,0
59,Queijo,n,0
59,de,prp,0
59,coalho,prop,0
59,",",",",0
59,farinha,prop,0
59,quebradinha,v-fin,0
59,",",",",0
59,carne,n,0
59,de,prp,0
59,charque,n,0
59,",",",",0
59,inhame,prop,0
59,",",",",0
59,fubá,n,0
59,de,prp,0
59,milho,prop,0
59,",",",",0
59,discos,n,0
59,regionais,adj,0
59,",",",",0
59,entre,prp,0
59,outros,pron-det,0
59,",",",",0
59,são,v-fin,0
59,os,art,0
59,produtos,n,0
59,que,pron-indp,0
59,encontramos,v-fin,0
59,em,prp,0
59,São,prop,0
59,Cristóvão.Em,adj,0
59,alguma,pron-det,0
59,medida,n,0
59,",",",",0
59,o,art,0
59,bairro,n,0
59,em,prp,0
59,que,pron-indp,0
59,morávamos,v-fin,0
59,era,v-fin,0
59,uma,art,0
59,espécie,n,0
59,de,prp,0
59,campo,n,0
59,de,prp,0
59,concentração,n,0
59,",",",",0
59,composto,v-pcp,0
59,por,prp,0
59,pessoas,n,0
59,que,pron-indp,0
59,provocavam,v-fin,0
59,xenofobia,v-fin,0
59,nas,adj,0
59,outras,pron-det,0
59,que,pron-indp,0
59,podiam,v-fin,0
59,participar,v-inf,0
59,dos,v-pcp,0
59,avanços,n,0
59,oferecidos,v-pcp,0
59,pela,adj,0
59,cidade,n,0
59,maravilhosa,adj,0
59,.,.,0
60,Em,prop,0
60,nosso,pron-det,0
60,bairro,n,0
60,",",",",0
60,além,adv,0
60,dos,v-pcp,0
60,nordestinos,adv,0
60,",",",",0
60,moravam,v-fin,0
60,pessoas,n,0
60,de,prp,0
60,outras,pron-det,0
60,regiões,n,0
60,brasileiras,adj,0
60,",",",",0
60,mas,conj-c,0
60,tínhamos,v-fin,0
60,em,prp,0
60,comum,adj,0
60,a,art,0
60,miséria,n,0
60,material,adj,0
60,",",",",0
60,a,art,0
60,saudade,n,0
60,de,prp,0
60,algum,pron-det,0
60,lugar,n,0
60,bem,adv,0
60,longe,adv,0
60,",",",",0
60,a,art,0
60,cor,n,0
60,da,adj,0
60,pele,n,0
60,",",",",0
60,o,art,0
60,envolvimento,n,0
60,comunitário,adj,0
60,e,conj-c,0
60,as,art,0
60,diﬁ,v-fin,0
60,culdades,n,0
60,de,prp,0
60,acesso,n,0
60,aos,adj,0
60,equipamentos,n,0
60,de,prp,0
60,cultura,n,0
60,",",",",0
60,de,prp,0
60,lazer,n,0
60,ou,conj-c,0
60,de,prp,0
60,produção,n,0
60,do,adj,0
60,conhecimento,n,0
60,.,.,0
61,Sobre,prop,0
61,esse,pron-det,0
61,acesso,n,0
61,",",",",0
61,lembro,v-fin,0
61,o,art,0
61,simples,adj,0
61,ato,n,0
61,de,prp,0
61,ir,v-inf,0
61,à,adv,0
61,praia,n,0
61,.,.,0
62,Era,v-fin,0
62,uma,art,0
62,verdadeira,adj,0
62,aventura,n,0
62,.,.,0
63,Nossa,v-fin,0
63,casa,n,0
63,ﬁ,adj,0
63,cava,v-fin,0
63,a,art,0
63,quarenta,n,0
63,quilômetros,n,0
63,de,prp,0
63,Copacabana,prop,0
63,",",",",0
63,portanto,adv,0
63,",",",",0
63,para,prp,0
63,irmos,v-inf,0
63,até,prp,0
63,lá,adv,0
63,era,v-fin,0
63,necessário,adj,0
63,apanharmos,v-inf,0
63,três,num,0
63,ônibus,n,0
63,.,.,0
64,Acordávamos,v-fin,0
64,às,adv,0
64,seis,num,0
64,horas,n,0
64,da,v-fin,0
64,manhã,n,0
64,e,conj-c,0
64,chegávamos,v-fin,0
64,à,adv,0
64,praia,n,0
64,mais,adv,0
64,famosa,adj,0
64,do,v-fin,0
64,mundo,n,0
64,por,prp,0
64,volta,n,0
64,das,v-pcp,0
64,dez,num,0
64,horas,n,0
64,.,.,0
65,O,art,0
65,retorno,n,0
65,era,v-fin,0
65,pior,adj,0
65,:,v-inf,0
65,as,art,0
65,conduções,n,0
65,estavam,v-fin,0
65,mais,adv,0
65,cheias,adj,0
65,",",",",0
65,fazíamos,v-fin,0
65,longos,adj,0
65,percursos,n,0
65,em,prp,0
65,pé,n,0
65,",",",",0
65,o,art,0
65,calor,n,0
65,era,v-fin,0
65,insuportável,adj,0
65,e,conj-c,0
65,chegávamos,v-fin,0
65,exaustos,v-pcp,0
65,em,prp,0
65,casa,n,0
65,.,.,0
66,Jardim,prop,0
66,Noia,prop,0
66,",",",",0
66,esse,pron-det,0
66,era,v-fin,0
66,o,art,0
66,nome,n,0
66,do,v-fin,0
66,bairro,n,0
66,onde,adv,0
66,morávamos,v-fin,0
66,.,.,0
67,O,art,0
67,Noia,prop,0
67,",",",",0
67,como,adv,0
67,era,v-fin,0
67,chamado,v-pcp,0
67,pelos,n,0
67,meninos,adj,0
67,",",",",0
67,localizava-se,v-fin,0
67,em,prp,0
67,Villar,v-inf,0
67,dos,v-pcp,0
67,Teles,prop,0
67,",",",",0
67,no,v-fin,0
67,município,n,0
67,de,prp,0
67,São,n,0
67,João,adj,0
67,de,prp,0
67,Meriti,prop,0
67,",",",",0
67,Baixada,v-pcp,0
67,Fluminense,adj,0
67,.,.,0
68,E,v-fin,0
68,o,art,0
68,Noia,prop,0
68,está,v-fin,0
68,lá,adv,0
68,",",",",0
68,cada,pron-det,0
68,vez,n,0
68,pior,adj,0
68,",",",",0
68,cada,pron-det,0
68,dia,n,0
68,menos,adv,0
68,habitável,adj,0
68,.,.,0
69,Nossa,v-fin,0
69,casa,n,0
69,ﬁ,adj,0
69,cava,v-fin,0
69,na,adv,0
69,Rua,n,0
69,Nossa,prop,0
69,Senhora,n,0
69,dos,v-pcp,0
69,Navegantes,adj,0
69,",",",",0
69,em,prp,0
69,frente,n,0
69,a,prp,0
69,qual,pron-det,0
69,havia,v-fin,0
69,um,art,0
69,pé,n,0
69,de,prp,0
69,tangerina,prop,0
69,",",",",0
69,que,pron-indp,0
69,lembro,prop,0
69,",",",",0
69,nunca,adv,0
69,deu,v-fin,0
69,um,art,0
69,fruto,n,0
69,sequer,adv,0
69,.,.,0
70,Numa,num,0
70,rua,n,0
70,após,prp,0
70,a,art,0
70,nossa,pron-det,0
70,havia,v-fin,0
70,um,art,0
70,pedaço,n,0
70,de,prp,0
70,rio,n,0
70,sem,prp,0
70,vida,n,0
70,",",",",0
70,conhecido,v-pcp,0
70,como,adv,0
70,canal,n,0
70,Sarapuí,prop,0
70,",",",",0
70,que,pron-indp,0
70,recebia,v-fin,0
70,lixo,n,0
70,químico,adj,0
70,de,prp,0
70,algumas,pron-det,0
70,indústrias,n,0
70,instaladas,v-pcp,0
70,nos,pron-pers,0
70,municípios,n,0
70,de,prp,0
70,Nova,adj,0
70,Iguaçu,n,0
70,",",",",0
70,Duque,n,0
70,de,prp,0
70,Caxias,n,0
70,e,conj-c,0
70,no,v-fin,0
70,bairro,n,0
70,de,prp,0
70,Belford,prop,0
70,Roxo,prop,0
70,",",",",0
70,o,art,0
70,qual,pron-det,0
70,mais,adv,0
70,tarde,adv,0
70,se,pron-pers,0
70,tornaria,v-fin,0
70,cidade,n,0
70,.,.,0
71,Além,prop,0
71,dos,v-pcp,0
71,insumos,v-fin,0
71,tóxicos,adj,0
71,",",",",0
71,eram,v-fin,0
71,despejados,v-pcp,0
71,nesse,v-fin,0
71,rio,adj,0
71,morto,v-pcp,0
71,todos,pron-det,0
71,os,art,0
71,dejetos,n,0
71,gerados,v-pcp,0
71,na,adv,0
71,circunvizinhança.Antes,adj,0
71,de,prp,0
71,verter,v-inf,0
71,seu,pron-det,0
71,conteúdo,n,0
71,na,adj,0
71,Baía,v-fin,0
71,da,n,0
71,Guanabara,adj,0
71,",",",",0
71,o,art,0
71,canal,n,0
71,podre,prop,0
71,alegrava,v-fin,0
71,a,art,0
71,meninada,n,0
71,que,pron-indp,0
71,se,pron-pers,0
71,divertia,v-fin,0
71,atravessando-o,n,0
71,ou,conj-c,0
71,caçando,v-ger,0
71,inutilmente,adv,0
71,preás,n,0
71,ou,conj-c,0
71,rãs,v-fin,0
71,que,conj-s,0
71,viviam,v-fin,0
71,por,prp,0
71,ali.O,prop,0
71,aroma,v-fin,0
71,exalado,v-pcp,0
71,pelo,n,0
71,infeliz,adj,0
71,Sarapuí,prop,0
71,variava,v-fin,0
71,conforme,adv,0
71,as,art,0
71,estações,n,0
71,do,adj,0
71,ano,n,0
71,e,conj-c,0
71,",",",",0
71,mesmo,adv,0
71,não,adv,0
71,esquecendo,v-ger,0
71,a,art,0
71,catinga,n,0
71,nas,adj,0
71,manhãs,adj,0
71,de,prp,0
71,março,n,0
71,",",",",0
71,o,art,0
71,pior,adj,0
71,acontecia,n,0
71,nos,pron-pers,0
71,últimos,adj,0
71,meses,n,0
71,do,adj,0
71,ano,n,0
71,quando,adv,0
71,o,art,0
71,vento,n,0
71,soprava,v-fin,0
71,do,adj,0
71,canal,adj,0
71,para,prp,0
71,a,art,0
71,casa.Sobre,prop,0
71,o,art,0
71,canal,n,0
71,",",",",0
71,existia,v-fin,0
71,uma,art,0
71,passagem,n,0
71,apelidada,v-pcp,0
71,de,prp,0
71,Três,n,0
71,Pontes,n,0
71,",",",",0
71,que,pron-indp,0
71,dividia,v-fin,0
71,os,art,0
71,municípios,n,0
71,de,prp,0
71,Nova,adj,0
71,Iguaçu,n,0
71,e,conj-c,0
71,São,n,0
71,João,adj,0
71,de,prp,0
71,Meriti,prop,0
71,.,.,0
72,Na,prop,0
72,margem,v-fin,0
72,oposta,v-pcp,0
72,a,prp,0
72,que,conj-s,0
72,morávamos,v-fin,0
72,",",",",0
72,podíamos,v-fin,0
72,ver,v-inf,0
72,as,art,0
72,ediﬁ,n,0
72,cações,n,0
72,da,v-fin,0
72,Favela,n,0
72,do,adj,0
72,Dique.As,adj,0
72,Três,adj,0
72,Pontes,n,0
72,eram,v-fin,0
72,conhecidas,v-pcp,0
72,em,prp,0
72,todo,pron-det,0
72,o,art,0
72,Rio,prop,0
72,de,prp,0
72,Janeiro,n,0
72,por,prp,0
72,ser,v-inf,0
72,um,art,0
72,abrigo,n,0
72,ideal,adj,0
72,para,prp,0
72,se,pron-pers,0
72,praticar,v-inf,0
72,o,art,0
72,ato,n,0
72,de,prp,0
72,desova,n,0
72,–,n,0
72,local,adj,0
72,onde,adv,0
72,os,art,0
72,matadores,n,0
72,dispensam,v-fin,0
72,os,art,0
72,corpos,n,0
72,de,prp,0
72,suas,pron-det,0
72,vítimas,n,0
72,–,adj,0
72,portanto,adv,0
72,não,adv,0
72,era,v-fin,0
72,incomum,adj,0
72,vivenciarmos,v-fin,0
72,invasões,n,0
72,da,adj,0
72,polícia,n,0
72,no,adj,0
72,Dique,pron-indp,0
72,ou,conj-c,0
72,no,v-fin,0
72,Noia,prop,0
72,.,.,0
73,Morávamos,v-fin,0
73,à,adv,0
73,margem,n,0
73,do,adj,0
73,rio,adj,0
73,",",",",0
73,éramos,v-fin,0
73,literalmente,adv,0
73,marginais,adj,0
73,e,conj-c,0
73,",",",",0
73,portanto,adv,0
73,",",",",0
73,de,prp,0
73,fato,n,0
73,",",",",0
73,muitas,pron-det,0
73,vezes,n,0
73,nos,pron-pers,0
73,sentíamos,v-fin,0
73,muito,adv,0
73,mais,adv,0
73,seguros,adj,0
73,na,adj,0
73,ausência,n,0
73,dos,v-pcp,0
73,policiais,adj,0
73,que,pron-indp,0
73,invariavelmente,adv,0
73,cometiam,v-fin,0
73,arbitrariedade,n,0
73,com,prp,0
73,quem,pron-indp,0
73,era,v-fin,0
73,trabalhador.O,n,0
73,medo,n,0
73,de,prp,0
73,atravessar,v-inf,0
73,a,art,0
73,tal,pron-det,0
73,ponte,n,0
73,era,v-fin,0
73,um,art,0
73,sentimento,n,0
73,comum,adj,0
73,",",",",0
73,podemos,v-fin,0
73,dizer,v-inf,0
73,até,prp,0
73,que,conj-s,0
73,era,v-fin,0
73,um,art,0
73,medo,n,0
73,cultural,adj,0
73,",",",",0
73,herança,n,0
73,repassada,v-pcp,0
73,dos,v-pcp,0
73,mais,adv,0
73,velhos,adj,0
73,aos,v-fin,0
73,mais,adv,0
73,jovens,adj,0
73,",",",",0
73,principalmente,adv,0
73,",",",",0
73,se,conj-s,0
73,a,art,0
73,travessia,n,0
73,fosse,v-fin,0
73,noturna.Eu,prop,0
73,",",",",0
73,quando,adv,0
73,garoto,prop,0
73,",",",",0
73,fui,v-fin,0
73,obrigado,v-pcp,0
73,a,prp,0
73,viver,v-inf,0
73,essa,pron-det,0
73,experiência,n,0
73,",",",",0
73,pois,conj-s,0
73,",",",",0
73,de,prp,0
73,1980,num,0
73,a,prp,0
73,1983,num,0
73,",",",",0
73,cursei,v-fin,0
73,eletrônica,adj,0
73,na,n,0
73,Escola,adj,0
73,Técnica,adj,0
73,Belford,prop,0
73,Roxo,adj,0
73,e,conj-c,0
73,",",",",0
73,se,conj-s,0
73,no,v-fin,0
73,primeiro,adj,0
73,ano,n,0
73,frequentei-a,adj,0
73,pela,v-fin,0
73,manhã,adv,0
73,",",",",0
73,nos,pron-pers,0
73,anos,n,0
73,seguintes,adj,0
73,",",",",0
73,ou,conj-c,0
73,seja,v-fin,0
73,",",",",0
73,durante,prp,0
73,três,num,0
73,anos,n,0
73,",",",",0
73,precisei,v-fin,0
73,fazer,v-inf,0
73,meus,pron-det,0
73,estudos,n,0
73,técnicos,adj,0
73,no,adj,0
73,turno,n,0
73,da,adj,0
73,noite,n,0
73,.,.,0
74,Necessariamente,adv,0
74,cruzava,v-fin,0
74,as,art,0
74,Três,n,0
74,Pontes,n,0
74,com,prp,0
74,medo,n,0
74,",",",",0
74,porém,adv,0
74,nunca,adv,0
74,fui,v-fin,0
74,molestado,v-pcp,0
74,em,prp,0
74,minhas,pron-det,0
74,passagens,n,0
74,pelo,adj,0
74,local,adj,0
74,",",",",0
74,mesmo,adv,0
74,com,prp,0
74,as,art,0
74,aulas,n,0
74,terminando,v-ger,0
74,às,adv,0
74,22h30min,num,0
74,e,conj-c,0
74,",",",",0
74,portanto,adv,0
74,",",",",0
74,tendo,v-ger,0
74,que,conj-s,0
74,fazer,v-inf,0
74,a,art,0
74,travessia,n,0
74,por,prp,0
74,volta,n,0
74,das,v-pcp,0
74,23h20min.Em,num,0
74,certa,n,0
74,ocasião,n,0
74,",",",",0
74,contudo,adv,0
74,",",",",0
74,presenciei,v-fin,0
74,a,art,0
74,ação,n,0
74,de,prp,0
74,um,art,0
74,grupo,n,0
74,de,prp,0
74,extermínio,n,0
74,que,pron-indp,0
74,procurava,v-fin,0
74,um,num,0
74,de,prp,0
74,seus,pron-det,0
74,eleitos,n,0
74,para,prp,0
74,prática,n,0
74,de,prp,0
74,tiro,n,0
74,ao,prp,0
74,alvo,n,0
74,.,.,0
75,Nesse,n,0
75,fatídico,adj,0
75,dia,n,0
75,",",",",0
75,o,art,0
75,referido,v-pcp,0
75,grupo,n,0
75,não,adv,0
75,estava,v-fin,0
75,permitindo,v-ger,0
75,que,conj-s,0
75,o,art,0
75,ônibus,n,0
75,da,adj,0
75,linha,n,0
75,Nova,adj,0
75,Iguaçu/Jardim,n,0
75,Redentor,adj,0
75,",",",",0
75,essa,pron-det,0
75,a,art,0
75,condução,n,0
75,que,pron-indp,0
75,usávamos,v-fin,0
75,",",",",0
75,circulasse,v-fin,0
75,até,prp,0
75,o,art,0
75,ﬁ,n,0
75,nal,adj,0
75,da,v-fin,0
75,linha.Sendo,v-ger,0
75,bastante,adv,0
75,conhecido,v-pcp,0
75,de,prp,0
75,motoristas,n,0
75,",",",",0
75,trocadores,n,0
75,e,conj-c,0
75,até,adv,0
75,de,prp,0
75,alguns,pron-det,0
75,dos,v-pcp,0
75,integrantes,adj,0
75,da,v-fin,0
75,turma,n,0
75,de,prp,0
75,tiro,n,0
75,da,pp,0
75,Baixada,v-pcp,0
75,",",",",0
75,fui,v-fin,0
75,gentilmente,adv,0
75,persuadido,v-pcp,0
75,a,prp,0
75,aceitar,v-inf,0
75,uma,art,0
75,carona,n,0
75,no,adj,0
75,carro,n,0
75,do,adj,0
75,bando,v-ger,0
75,de,prp,0
75,caçadores,n,0
75,da,adj,0
75,noite,n,0
75,.,.,0
76,Sentei,v-fin,0
76,no,adv,0
76,banco,n,0
76,traseiro,adj,0
76,do,v-fin,0
76,veículo,prop,0
76,",",",",0
76,um,art,0
76,Maveric,n,0
76,preto,adj,0
76,",",",",0
76,sem,prp,0
76,capota,n,0
76,ou,conj-c,0
76,portas,n,0
76,",",",",0
76,e,conj-c,0
76,fui,v-fin,0
76,conduzido,v-pcp,0
76,",",",",0
76,com,prp,0
76,toda,pron-det,0
76,segurança,n,0
76,possível,adj,0
76,",",",",0
76,até,prp,0
76,o,art,0
76,outro,pron-det,0
76,lado,n,0
76,da,v-fin,0
76,pontePois,prop,0
76,é,v-fin,0
76,",",",",0
76,queridos,v-pcp,0
76,amigos,n,0
76,de,prp,0
76,bar,n,0
76,",",",",0
76,esse,pron-det,0
76,acontecimento,n,0
76,ﬁ,adj,0
76,cou,v-fin,0
76,marcado,v-pcp,0
76,para,prp,0
76,sempre,adv,0
76,em,prp,0
76,minha,pron-det,0
76,memória,n,0
76,",",",",0
76,e,conj-c,0
76,suas,pron-det,0
76,cicatrizes,n,0
76,mesmo,adv,0
76,não,adv,0
76,deixando,v-ger,0
76,marcas,n,0
76,expostas,v-pcp,0
76,na,adv,0
76,pele,n,0
76,são,v-fin,0
76,parte,n,0
76,da,adj,0
76,minha,pron-det,0
76,carne.A,v-fin,0
76,violência,n,0
76,era,v-fin,0
76,banal,adj,0
76,naqueles,adj,0
76,dias,n,0
76,no,adj,0
76,Noia,prop,0
76,.,.,0
77,Não,prop,0
77,era,v-fin,0
77,difícil,adj,0
77,",",",",0
77,ao,prp,0
77,sairmos,v-fin,0
77,de,prp,0
77,casa,n,0
77,para,prp,0
77,trabalhar,v-inf,0
77,ou,conj-c,0
77,estudar,v-inf,0
77,",",",",0
77,darmos,v-fin,0
77,de,prp,0
77,frente,n,0
77,com,prp,0
77,um,art,0
77,presunto,n,0
77,no,adj,0
77,chão,n,0
77,",",",",0
77,crivado,v-pcp,0
77,de,prp,0
77,balas,n,0
77,e,conj-c,0
77,com,prp,0
77,a,art,0
77,boca,n,0
77,cheia,adj,0
77,de,prp,0
77,formigas,n,0
77,.,.,0
78,Ver,prop,0
78,",",",",0
78,porém,adv,0
78,",",",",0
78,não,adv,0
78,era,v-fin,0
78,o,pron-det,0
78,que,pron-indp,0
78,mais,adv,0
78,me,pron-pers,0
78,assustava,v-fin,0
78,",",",",0
78,o,pron-det,0
78,que,pron-indp,0
78,me,pron-pers,0
78,tirava,v-fin,0
78,o,art,0
78,sono,n,0
78,e,conj-c,0
78,viria,v-fin,0
78,a,prp,0
78,deixar,v-inf,0
78,marcas,n,0
78,profundas,v-pcp,0
78,em,prp,0
78,minha,pron-det,0
78,alma,n,0
78,seriam,v-fin,0
78,os,art,0
78,gritos,n,0
78,das,v-pcp,0
78,vítimas,n,0
78,durante,prp,0
78,os,art,0
78,rituais,n,0
78,de,prp,0
78,tortura,n,0
78,.,.,0
79,Alguns,prop,0
79,garotos,n,0
79,eram,v-fin,0
79,tão,adv,0
79,acostumados,v-pcp,0
79,com,prp,0
79,essa,pron-det,0
79,carniﬁ,n,0
79,cina,v-fin,0
79,que,conj-s,0
79,",",",",0
79,pela,v-fin,0
79,manhã,adv,0
79,",",",",0
79,combinavam,v-fin,0
79,entre,prp,0
79,si,pron-pers,0
79,para,prp,0
79,irem,v-inf,0
79,apreciar,v-inf,0
79,os,art,0
79,corpos,n,0
79,de,prp,0
79,quem,pron-indp,0
79,nunca,adv,0
79,mais,adv,0
79,na,adj,0
79,vida,n,0
79,daria,v-fin,0
79,um,art,0
79,grito,n,0
79,sequer,adv,0
79,.,.,0
80,A,art,0
80,conduta,n,0
80,ética,adj,0
80,estava,v-fin,0
80,clara,adj,0
80,:,v-inf,0
80,se,conj-s,0
80,a,art,0
80,polícia,n,0
80,perguntasse,v-fin,0
80,",",",",0
80,ninguém,pron-indp,0
80,viu,v-fin,0
80,nada,pron-indp,0
80,",",",",0
80,ninguém,pron-indp,0
80,ouviu,v-fin,0
80,nada,pron-indp,0
80,",",",",0
80,ninguém,pron-indp,0
80,sabe,v-fin,0
80,de,prp,0
80,nada,pron-indp,0
80,.,.,0
81,Aﬁ,n,0
81,nal,adj,0
81,",",",",0
81,nenhum,pron-det,0
81,de,prp,0
81,nós,pron-pers,0
81,queria,pron-det,0
81,acabar,v-inf,0
81,com,prp,0
81,a,art,0
81,língua,n,0
81,cortada,v-pcp,0
81,",",",",0
81,um,art,0
81,tiro,n,0
81,de,prp,0
81,escopeta,n,0
81,no,v-fin,0
81,peito,adj,0
81,ou,conj-c,0
81,com,prp,0
81,o,art,0
81,corpo,n,0
81,incendiado,v-pcp,0
81,.,.,0
82,O,art,0
82,mais,adv,0
82,importante,adj,0
82,e,conj-c,0
82,estranho,adj,0
82,que,pron-indp,0
82,posso,v-fin,0
82,lhes,pron-pers,0
82,dizer,v-inf,0
82,é,v-fin,0
82,que,conj-s,0
82,",",",",0
82,de,prp,0
82,algum,pron-det,0
82,modo,n,0
82,",",",",0
82,nos,pron-pers,0
82,sentíamos,v-fin,0
82,seguros,n,0
82,",",",",0
82,mesmo,adv,0
82,vivendo,v-ger,0
82,nessa,adv,0
82,Faixa,n,0
82,de,prp,0
82,Gaza,prop,0
82,vietnamita.A,v-inf,0
82,nossa,pron-det,0
82,segurança,n,0
82,só,adv,0
82,era,v-fin,0
82,quebrada,v-pcp,0
82,em,prp,0
82,dois,num,0
82,momentos,n,0
82,:,adj,0
82,primeiro,adj,0
82,",",",",0
82,quando,adv,0
82,o,art,0
82,mandachuva,n,0
82,do,v-fin,0
82,tráﬁ,n,0
82,co,prop,0
82,era,v-fin,0
82,morto,v-pcp,0
82,e,conj-c,0
82,se,conj-s,0
82,fazia,v-fin,0
82,necessário,adj,0
82,que,conj-s,0
82,ocorressem,v-fin,0
82,assembleias,n,0
82,para,prp,0
82,decidir,v-inf,0
82,sobre,prp,0
82,os,art,0
82,postulantes,n,0
82,ao,prp,0
82,cargo,n,0
82,.,.,0
83,Nesses,n,0
83,casos,n,0
83,",",",",0
83,a,art,0
83,democracia,n,0
83,que,pron-indp,0
83,imperava,v-fin,0
83,era,v-fin,0
83,a,art,0
83,da,n,0
83,bala,adj,0
83,e,conj-c,0
83,",",",",0
83,sendo,v-ger,0
83,assim,adv,0
83,",",",",0
83,tornava-se,v-fin,0
83,perigoso,adj,0
83,sair,v-inf,0
83,na,adv,0
83,rua,n,0
83,a,prp,0
83,qualquer,pron-det,0
83,hora,n,0
83,porque,conj-s,0
83,podíamos,v-fin,0
83,acabar,v-inf,0
83,envolvidos,v-pcp,0
83,em,prp,0
83,alguma,pron-det,0
83,situação,n,0
83,inesperada.O,adj,0
83,segundo,adj,0
83,momento,n,0
83,de,prp,0
83,insegurança,n,0
83,era,v-fin,0
83,mais,adv,0
83,raro,adj,0
83,",",",",0
83,entretanto,adv,0
83,",",",",0
83,não,adv,0
83,menos,adv,0
83,perigoso,adj,0
83,.,.,0
84,Ele,prop,0
84,acontecia,v-fin,0
84,quando,adv,0
84,alguma,pron-det,0
84,quadrilha,n,0
84,de,prp,0
84,nosso,pron-det,0
84,bairro,n,0
84,fazia,v-fin,0
84,um,art,0
84,grande,adj,0
84,negócio,n,0
84,envolvendo,v-ger,0
84,gente,n,0
84,importante.Certa,adj,0
84,vez,n,0
84,",",",",0
84,uma,art,0
84,galera,n,0
84,do,adj,0
84,Noia,prop,0
84,fez,v-fin,0
84,ganho,n,0
84,em,prp,0
84,uma,art,0
84,casa,n,0
84,de,prp,0
84,praia,n,0
84,nas,adj,0
84,proximidades,n,0
84,do,adj,0
84,Rio,prop,0
84,das,v-pcp,0
84,Ostras,adj,0
84,–,adj,0
84,região,n,0
84,dos,v-pcp,0
84,lagos,adj,0
84,",",",",0
84,local,n,0
84,que,pron-indp,0
84,abriga,v-fin,0
84,várias,pron-det,0
84,casas,n,0
84,de,prp,0
84,veraneio,n,0
84,da,adj,0
84,classe,v-fin,0
84,média,n,0
84,carioca,adj,0
84,.,.,0
85,O,art,0
85,lance,prop,0
85,foi,v-fin,0
85,barra,n,0
85,pesada,v-pcp,0
85,",",",",0
85,jogo,n,0
85,duro,adj,0
85,mesmo,adv,0
85,.,.,0
86,Nossos,adj,0
86,vizinhos,n,0
86,roubaram,v-fin,0
86,muitas,pron-det,0
86,coisas,n,0
86,",",",",0
86,mas,conj-c,0
86,",",",",0
86,avaliando,v-ger,0
86,que,conj-s,0
86,não,adv,0
86,tinham,v-fin,0
86,levado,v-pcp,0
86,o,art,0
86,suﬁ,n,0
86,ciente,adj,0
86,",",",",0
86,praticaram,v-fin,0
86,atos,n,0
86,não,adv,0
86,muito,adv,0
86,cordiais,adj,0
86,com,prp,0
86,as,art,0
86,mulheres,n,0
86,da,adj,0
86,casa,n,0
86,e,conj-c,0
86,ainda,adv,0
86,marcaram,v-fin,0
86,com,prp,0
86,cabo,n,0
86,de,prp,0
86,revólveres,n,0
86,cicatrizes,adj,0
86,nos,pron-pers,0
86,rostos,n,0
86,dos,v-pcp,0
86,homens,n,0
86,.,.,0
87,Para,v-fin,0
87,azar,v-inf,0
87,do,v-inf,0
87,bando,v-ger,0
87,",",",",0
87,um,art,0
87,dos,n,0
87,tatuados,v-pcp,0
87,com,prp,0
87,as,art,0
87,marcas,n,0
87,dos,v-pcp,0
87,revólveres,n,0
87,era,v-fin,0
87,gente,n,0
87,grande,adj,0
87,",",",",0
87,ou,conj-c,0
87,seja,v-fin,0
87,",",",",0
87,tinha,v-fin,0
87,poder,n,0
87,e,conj-c,0
87,inﬂ,adj,0
87,uência,n,0
87,perto,adj,0
87,da,v-fin,0
87,banda,n,0
87,podre,adj,0
87,da,adj,0
87,polícia,n,0
87,",",",",0
87,e,conj-c,0
87,com,prp,0
87,isso,pron-indp,0
87,chegou,v-fin,0
87,informação,n,0
87,à,adv,0
87,boca,adj,0
87,miúda,prop,0
87,que,conj-s,0
87,a,art,0
87,ordem,n,0
87,dessa,v-fin,0
87,vez,n,0
87,era,v-fin,0
87,de,prp,0
87,que,conj-s,0
87,não,adv,0
87,deveria,v-fin,0
87,escapar,v-inf,0
87,ninguém,pron-indp,0
87,pra,prp,0
87,contar,v-inf,0
87,história.A,n,0
87,banda,n,0
87,podre,n,0
87,da,v-fin,0
87,polícia,n,0
87,do,adj,0
87,Rio,prop,0
87,é,v-fin,0
87,de,prp,0
87,fazer,v-inf,0
87,inveja,n,0
87,ao,prp,0
87,mais,pron-det,0
87,cruel,adj,0
87,e,conj-c,0
87,inescrupuloso,adj,0
87,grupo,n,0
87,de,prp,0
87,extermínio,n,0
87,e,conj-c,0
87,",",",",0
87,sendo,v-ger,0
87,assim,adv,0
87,",",",",0
87,não,adv,0
87,escapou,v-fin,0
87,nenhum,pron-det,0
87,mesmo,adv,0
87,para,prp,0
87,contar,v-inf,0
87,história,n,0
87,.,.,0
88,Um,art,0
88,deles,prop,0
88,",",",",0
88,conhecido,v-pcp,0
88,como,adv,0
88,Biro,prop,0
88,",",",",0
88,morreu,v-fin,0
88,no,adv,0
88,Dique,conj-s,0
88,",",",",0
88,às,adv,0
88,10h,num,0
88,da,n,0
88,manhã,adv,0
88,",",",",0
88,na,v-fin,0
88,frente,n,0
88,de,prp,0
88,uma,art,0
88,turma,n,0
88,de,prp,0
88,moleques,n,0
88,que,pron-indp,0
88,jogava,v-fin,0
88,bola,n,0
88,no,adj,0
88,Campo,adj,0
88,do,v-fin,0
88,Jurema,adj,0
88,.,.,0
89,Ele,prop,0
89,foi,v-fin,0
89,assassinado,v-pcp,0
89,com,prp,0
89,uma,art,0
89,rajada,n,0
89,de,prp,0
89,metralhadora,n,0
89,no,adj,0
89,dia,n,0
89,que,pron-indp,0
89,fazia,v-fin,0
89,18,num,0
89,anos,n,0
89,",",",",0
89,mesma,pron-det,0
89,idade,n,0
89,que,conj-s,0
89,eu,pron-pers,0
89,tinha,v-fin,0
89,na,n,0
89,época.Biro,adj,0
89,",",",",0
89,pode-se,v-fin,0
89,dizer,v-inf,0
89,",",",",0
89,era,v-fin,0
89,um,art,0
89,cara,n,0
89,gente,n,0
89,boa,adj,0
89,",",",",0
89,não,adv,0
89,batia,v-fin,0
89,bola,n,0
89,",",",",0
89,mas,conj-c,0
89,jogava,v-fin,0
89,capoeira,n,0
89,.,.,0
90,Sua,prop,0
90,mãe,n,0
90,ganhava,v-fin,0
90,a,art,0
90,vida,n,0
90,vendendo,v-ger,0
90,salgadinhos,n,0
90,pelas,pron-det,0
90,portas,n,0
90,do,v-fin,0
90,bairro,n,0
90,.,.,0
91,Ele,prop,0
91,teve,v-fin,0
91,como,adv,0
91,professor,n,0
91,um,art,0
91,tio,n,0
91,chamado,v-pcp,0
91,Mazinho,prop,0
91,",",",",0
91,sujeito,v-pcp,0
91,possuidor,n,0
91,de,prp,0
91,violência,n,0
91,e,conj-c,0
91,autoritarismo,n,0
91,impressionantes,adj,0
91,e,conj-c,0
91,que,pron-indp,0
91,durante,prp,0
91,certa,pron-det,0
91,época,n,0
91,dominou,v-fin,0
91,o,art,0
91,comando,n,0
91,do,prop,0
91,crime,n,0
91,no,adj,0
91,local.Um,adj,0
91,dia,n,0
91,",",",",0
91,por,prp,0
91,volta,n,0
91,das,v-pcp,0
91,21h,num,0
91,",",",",0
91,havia,v-fin,0
91,faltado,v-pcp,0
91,energia,n,0
91,e,conj-c,0
91,fazia,v-fin,0
91,um,art,0
91,calor,n,0
91,infernal,adj,0
91,",",",",0
91,mas,conj-c,0
91,a,art,0
91,noite,n,0
91,era,v-fin,0
91,de,prp,0
91,lua,n,0
91,cheia,adj,0
91,e,conj-c,0
91,todo,pron-det,0
91,mundo,n,0
91,estava,v-fin,0
91,na,adv,0
91,rua,n,0
91,.,.,0
92,A,art,0
92,meninada,n,0
92,encontrava-se,v-fin,0
92,jogando,v-ger,0
92,pique,conj-s,0
92,bandeira,n,0
92,–,v-fin,0
92,uma,art,0
92,linha,n,0
92,dividia,adj,0
92,dois,num,0
92,times,n,0
92,e,conj-c,0
92,o,art,0
92,grupo,n,0
92,que,pron-indp,0
92,apanhasse,v-fin,0
92,a,art,0
92,bandeira,n,0
92,do,adj,0
92,inimigo,adj,0
92,e,conj-c,0
92,chegasse,v-fin,0
92,a,prp,0
92,seu,pron-det,0
92,campo,n,0
92,primeiro,adj,0
92,era,v-fin,0
92,declarado,v-pcp,0
92,vencedor,n,0
92,.,.,0
93,Nesse,v-fin,0
93,mesmo,adv,0
93,instante,adv,0
93,",",",",0
93,o,art,0
93,bando,n,0
93,de,prp,0
93,Mazinho,prop,0
93,",",",",0
93,na,prop,0
93,presença,n,0
93,do,adj,0
93,Biro,adj,0
93,",",",",0
93,dividia,v-fin,0
93,alguns,pron-det,0
93,ganhos,n,0
93,no,v-fin,0
93,Campo,pp,0
93,do,adj,0
93,Jurema,adj,0
93,",",",",0
93,quando,adv,0
93,um,art,0
93,dos,n,0
93,participantes,adj,0
93,da,v-fin,0
93,reunião,n,0
93,discordou,v-fin,0
93,do,adv,0
93,montante,n,0
93,que,pron-indp,0
93,lhe,pron-pers,0
93,caberia,v-fin,0
93,receber,v-inf,0
93,.,.,0
94,Instalou-se,v-fin,0
94,a,art,0
94,assembleia,n,0
94,e,conj-c,0
94,o,art,0
94,discordante,n,0
94,",",",",0
94,que,pron-indp,0
94,era,v-fin,0
94,casado,v-pcp,0
94,com,prp,0
94,uma,art,0
94,prima,n,0
94,de,prp,0
94,Biro,n,0
94,",",",",0
94,levou,v-fin,0
94,dois,num,0
94,tiros.O,n,0
94,Campo,adj,0
94,do,v-fin,0
94,Jurema,adj,0
94,ﬁ,n,0
94,cava,v-fin,0
94,no,adv,0
94,ﬁ,adj,0
94,m,n,0
94,da,adj,0
94,nossa,pron-det,0
94,rua,n,0
94,",",",",0
94,a,art,0
94,Nossa,n,0
94,Senhora,adj,0
94,dos,v-pcp,0
94,Navegantes,adj,0
94,",",",",0
94,a,art,0
94,uns,pron-det,0
94,cem,v-fin,0
94,metros,n,0
94,de,prp,0
94,onde,adv,0
94,os,art,0
94,guris,n,0
94,brincavam,v-fin,0
94,.,.,0
95,Foi,adv,0
95,daí,v-fin,0
95,que,conj-s,0
95,o,art,0
95,baleado,n,0
95,veio,v-fin,0
95,correndo,v-ger,0
95,e,conj-c,0
95,gritando,v-ger,0
95,",",",",0
95,cambaleando,v-ger,0
95,como,adv,0
95,se,pron-pers,0
95,estivesse,v-fin,0
95,fortemente,adv,0
95,embriagado,v-pcp,0
95,",",",",0
95,batendo,v-ger,0
95,na,adv,0
95,porta,n,0
95,de,prp,0
95,um,art,0
95,e,conj-c,0
95,de,prp,0
95,outro,pron-det,0
95,",",",",0
95,pedindo,v-ger,0
95,socorro,n,0
95,.,.,0
96,Ninguém,prop,0
96,haveria,v-fin,0
96,de,prp,0
96,socorrê-lo,n,0
96,",",",",0
96,pois,conj-s,0
96,atrás,adv,0
96,dele,v-fin,0
96,vinha,v-fin,0
96,o,art,0
96,Mazinho,n,0
96,",",",",0
96,com,prp,0
96,uma,art,0
96,frieza,n,0
96,glacial,adj,0
96,",",",",0
96,os,art,0
96,olhos,n,0
96,ﬁ,adj,0
96,xos,adj,0
96,na,n,0
96,vítima,adj,0
96,",",",",0
96,passos,n,0
96,seguros,adj,0
96,",",",",0
96,mascando,v-ger,0
96,chicletes,n,0
96,",",",",0
96,portava,v-fin,0
96,uma,art,0
96,arma,n,0
96,de,prp,0
96,fogo,n,0
96,na,adj,0
96,mão,n,0
96,direita.Em,adj,0
96,seu,pron-det,0
96,desespero,n,0
96,",",",",0
96,o,art,0
96,futuro,n,0
96,moribundo,v-ger,0
96,encontrou,v-fin,0
96,uma,art,0
96,janela,n,0
96,aberta,v-pcp,0
96,",",",",0
96,pulou-a,n,0
96,e,conj-c,0
96,escondeu-se,n,0
96,embaixo,v-pcp,0
96,de,prp,0
96,uma,art,0
96,cama,n,0
96,.,.,0
97,Da,prop,0
97,janela,prop,0
97,do,v-fin,0
97,cubículo,n,0
97,",",",",0
97,Mazinho,prop,0
97,dizia,v-fin,0
97,profeticamente,adv,0
97,:,adj,0
97,“,prop,0
97,Sai,v-fin,0
97,daí,pp,0
97,",",",",0
97,não,adv,0
97,quero,v-fin,0
97,te,n,0
97,matar,v-inf,0
97,na,adv,0
97,frente,n,0
97,da,adj,0
97,gurizada,v-pcp,0
97,",",",",0
97,vamos,v-fin,0
97,voltar,v-inf,0
97,pro,n,0
97,campo,n,0
97,!,!,0
97,”,prop,0
97,.O,v-fin,0
97,morto-vivo,adj,0
97,",",",",0
97,se,pron-pers,0
97,ouviu,v-fin,0
97,",",",",0
97,não,adv,0
97,sei,v-fin,0
97,de,prp,0
97,fato,n,0
97,",",",",0
97,nem,conj-c,0
97,ﬁ,v-fin,0
97,quei,conj-c,0
97,para,prp,0
97,ver,v-inf,0
97,",",",",0
97,corri,v-fin,0
97,para,prp,0
97,casa,n,0
97,e,conj-c,0
97,não,adv,0
97,deu,v-fin,0
97,para,prp,0
97,ouvir,v-inf,0
97,a,art,0
97,resposta,n,0
97,do,adj,0
97,parente,adj,0
97,de,prp,0
97,Biro,n,0
97,",",",",0
97,mas,conj-c,0
97,posso,v-fin,0
97,aﬁ,adv,0
97,rmar,v-inf,0
97,que,conj-s,0
97,meus,pron-det,0
97,ouvidos,n,0
97,e,conj-c,0
97,minha,pron-det,0
97,alma,n,0
97,deﬁ,adj,0
97,niram,v-fin,0
97,que,conj-s,0
97,muitos,pron-det,0
97,tiros,n,0
97,foram,v-fin,0
97,disparados,v-pcp,0
97,.,.,0
98,No,num,0
98,dia,n,0
98,seguinte,adj,0
98,",",",",0
98,soube,v-fin,0
98,pelos,n,0
98,comentários,adj,0
98,dos,v-pcp,0
98,outros,pron-det,0
98,que,pron-indp,0
98,",",",",0
98,ao,prp,0
98,afastar-se,v-inf,0
98,do,pron-pers,0
98,local,n,0
98,onde,adv,0
98,matou,v-fin,0
98,o,art,0
98,seu,pron-det,0
98,opositor,n,0
98,",",",",0
98,Mazinho,prop,0
98,saíra,v-fin,0
98,caminhando,v-ger,0
98,normalmente,adv,0
98,e,conj-c,0
98,cumprimentando,v-ger,0
98,as,art,0
98,pessoas,n,0
98,como,adv,0
98,se,pron-pers,0
98,nada,pron-indp,0
98,de,prp,0
98,anormal,n,0
98,tivesse,v-fin,0
98,ocorrido,v-pcp,0
98,ali.E,n,0
98,",",",",0
98,no,num,0
98,dia,n,0
98,seguinte,adj,0
98,",",",",0
98,lá,adv,0
98,estava,v-fin,0
98,a,art,0
98,polícia,n,0
98,fazendo,v-ger,0
98,as,art,0
98,suas,pron-det,0
98,investigações,n,0
98,.,.,0
99,Lembrome,v-fin,0
99,bem,adv,0
99,do,v-pcp,0
99,investigador,n,0
99,que,conj-s,0
99,ﬁ,prop,0
99,cou,v-fin,0
99,responsável,adj,0
99,por,prp,0
99,encaminhar,v-inf,0
99,o,art,0
99,caso,n,0
99,.,.,0
100,Ele,prop,0
100,era,v-fin,0
100,alto,adj,0
100,",",",",0
100,barrigudo,prop,0
100,",",",",0
100,o,art,0
100,rosto,n,0
100,cheio,adj,0
100,de,prp,0
100,acnes,prop,0
100,",",",",0
100,andava,v-fin,0
100,com,prp,0
100,a,art,0
100,camisa,n,0
100,desabotoada,v-pcp,0
100,até,prp,0
100,o,art,0
100,meio,n,0
100,da,adj,0
100,imunda,v-fin,0
100,barriga,n,0
100,e,conj-c,0
100,dirigia,v-fin,0
100,um,art,0
100,automóvel,n,0
100,modelo,n,0
100,Chevete,n,0
100,de,prp,0
100,cor,n,0
100,vinho,adj,0
100,",",",",0
100,relativamente,adv,0
100,novo.Na,v-fin,0
100,frente,n,0
100,da,adj,0
100,casa,n,0
100,em,prp,0
100,que,pron-indp,0
100,se,pron-pers,0
100,praticou,v-fin,0
100,o,art,0
100,crime,n,0
100,",",",",0
100,ﬁ,prop,0
100,cava,v-fin,0
100,a,prp,0
100,bodega,prop,0
100,do,v-fin,0
100,seu,pron-det,0
100,Timbú,n,0
100,",",",",0
100,onde,adv,0
100,os,art,0
100,homens,n,0
100,adultos,v-pcp,0
100,jogavam,v-fin,0
100,sinuca,n,0
100,e,conj-c,0
100,bebiam,v-fin,0
100,na,adv,0
100,esperança,n,0
100,de,prp,0
100,ganhar,v-inf,0
100,a,art,0
100,simpatia,n,0
100,de,prp,0
100,uma,art,0
100,das,n,0
100,moças,n,0
100,que,pron-indp,0
100,moravam,v-fin,0
100,na,adv,0
100,dita,v-pcp,0
100,residência.O,v-fin,0
100,homem,n,0
100,da,v-fin,0
100,lei,n,0
100,",",",",0
100,na,v-fin,0
100,convivência,n,0
100,da,adj,0
100,investigação,n,0
100,",",",",0
100,acabou,v-fin,0
100,envolvendo-se,v-fin,0
100,sexualmente,pron-pers,0
100,com,prp,0
100,uma,art,0
100,dessas,n,0
100,mulheres.Episódio,adj,0
100,que,pron-indp,0
100,vou,v-fin,0
100,relatar,v-inf,0
100,a,prp,0
100,seguir,v-inf,0
100,foi,v-fin,0
100,o,art,0
100,primeiro,adj,0
100,exemplo,n,0
100,que,pron-indp,0
100,me,pron-pers,0
100,fez,v-fin,0
100,desacreditar,v-inf,0
100,que,conj-s,0
100,a,art,0
100,polícia,n,0
100,estaria,v-fin,0
100,na,adj,0
100,sociedade,n,0
100,para,prp,0
100,me,pron-pers,0
100,proteger,v-inf,0
100,.,.,0
101,Em,prop,0
101,um,art,0
101,ﬁ,n,0
101,m,adj,0
101,de,prp,0
101,tarde,n,0
101,qualquer,pron-det,0
101,",",",",0
101,quando,adv,0
101,me,pron-pers,0
101,dirigia,v-fin,0
101,para,prp,0
101,a,art,0
101,escola,n,0
101,",",",",0
101,passei,v-fin,0
101,na,prop,0
101,casa,n,0
101,de,prp,0
101,um,art,0
101,colega,n,0
101,que,pron-indp,0
101,morava,v-fin,0
101,nas,adj,0
101,imediações,n,0
101,da,adj,0
101,delegacia,n,0
101,de,prp,0
101,São,n,0
101,João,adj,0
101,de,prp,0
101,Meriti,prop,0
101,para,prp,0
101,apanhar,v-inf,0
101,um,art,0
101,livro,n,0
101,.,.,0
102,Próximo,prop,0
102,",",",",0
102,exatamente,adv,0
102,na,adj,0
102,esquina,n,0
102,da,adj,0
102,rua,n,0
102,principal,adj,0
102,com,prp,0
102,a,art,0
102,rua,n,0
102,que,pron-indp,0
102,dava,v-fin,0
102,acesso,n,0
102,à,adv,0
102,casa,n,0
102,do,adj,0
102,meu,pron-det,0
102,colega,n,0
102,",",",",0
102,existia,v-fin,0
102,um,art,0
102,restaurante,n,0
102,.,.,0
103,Para,v-fin,0
103,meu,pron-det,0
103,completo,adj,0
103,espanto,n,0
103,",",",",0
103,estavam,v-fin,0
103,lá,adv,0
103,o,art,0
103,investigador,n,0
103,de,prp,0
103,polícia,n,0
103,",",",",0
103,minha,pron-det,0
103,vizinha,adj,0
103,",",",",0
103,moradora,adv,0
103,da,v-fin,0
103,casa,n,0
103,onde,adv,0
103,se,pron-pers,0
103,praticou,v-fin,0
103,o,art,0
103,crime,n,0
103,e,conj-c,0
103,o,art,0
103,assassino,n,0
103,Mazinho,prop,0
103,",",",",0
103,conversando,v-ger,0
103,animada,v-pcp,0
103,e,conj-c,0
103,amigavelmente,adv,0
103,.,.,0
104,Esse,v-fin,0
104,último,adj,0
104,",",",",0
104,sabendo,v-ger,0
104,que,conj-s,0
104,eu,pron-pers,0
104,conhecia,v-fin,0
104,bem,adv,0
104,o,art,0
104,código,n,0
104,de,prp,0
104,ética,n,0
104,de,prp,0
104,minha,pron-det,0
104,quebrada,n,0
104,",",",",0
104,tinha,v-fin,0
104,amor,n,0
104,a,art,0
104,minha,pron-det,0
104,vida,n,0
104,e,conj-c,0
104,que,pron-indp,0
104,",",",",0
104,portanto,adv,0
104,",",",",0
104,não,adv,0
104,diria,v-fin,0
104,nada,pron-indp,0
104,a,art,0
104,ninguém,pron-indp,0
104,",",",",0
104,me,pron-pers,0
104,cumprimentou,v-fin,0
104,com,prp,0
104,um,art,0
104,sorriso,n,0
104,irônico,adj,0
104,de,prp,0
104,canto,n,0
104,de,prp,0
104,boca,n,0
104,.,.,0
105,Na,prop,0
105,minha,pron-det,0
105,cabeça,n,0
105,de,prp,0
105,garoto,n,0
105,começaram,v-fin,0
105,a,prp,0
105,surgir,v-inf,0
105,várias,pron-det,0
105,perguntas,n,0
105,:,v-fin,0
105,o,pron-det,0
105,que,pron-indp,0
105,o,art,0
105,detetive,v-fin,0
105,fazia,v-fin,0
105,ali,adv,0
105,?,?,0
106,A,art,0
106,polícia,n,0
106,não,adv,0
106,deveria,v-fin,0
106,ﬁ,v-inf,0
106,car,v-inf,0
106,contra,prp,0
106,os,art,0
106,assassinos,n,0
106,?,?,0
107,Quem,prop,0
107,era,v-fin,0
107,mais,adv,0
107,bandido,v-pcp,0
107,:,n,0
107,Mazinho,adj,0
107,ou,conj-c,0
107,o,art,0
107,detetive,n,0
107,?,?,0
108,Ao,prop,0
108,mesmo,pron-det,0
108,tempo,n,0
108,",",",",0
108,eu,pron-pers,0
108,era,v-fin,0
108,levado,v-pcp,0
108,a,prp,0
108,pensar,v-inf,0
108,que,conj-s,0
108,",",",",0
108,assim,adv,0
108,como,adv,0
108,o,art,0
108,assassino,n,0
108,",",",",0
108,a,art,0
108,polícia,n,0
108,também,adv,0
108,mata,v-fin,0
108,.,.,0
109,Parece,v-fin,0
109,estranho,adj,0
109,",",",",0
109,e,conj-c,0
109,perdoem-me,v-fin,0
109,as,art,0
109,dúvidas,n,0
109,camaradas,v-pcp,0
109,",",",",0
109,mas,conj-c,0
109,lhes,pron-pers,0
109,digo,v-fin,0
109,que,conj-s,0
109,nunca,adv,0
109,tive,v-fin,0
109,medo,n,0
109,do,adj,0
109,matador,adj,0
109,Mazinho,adj,0
109,tanto,pron-det,0
109,quanto,pron-det,0
109,na,n,0
109,hora,n,0
109,que,pron-indp,0
109,avistei,v-fin,0
109,aquele,pron-det,0
109,horroroso,adj,0
109,investigador,n,0
109,.,.,0
110,Eu,v-fin,0
110,me,pron-pers,0
110,pelava,v-fin,0
110,de,prp,0
110,medo,n,0
110,dele.Bem,v-fin,0
110,no,prp,0
110,meio,adj,0
110,da,n,0
110,Rua,adj,0
110,da,prop,0
110,Lama,v-fin,0
110,–,prop,0
110,como,adv,0
110,era,v-fin,0
110,conhecida,v-pcp,0
110,por,prp,0
110,estar,v-inf,0
110,em,prp,0
110,nível,n,0
110,mais,adv,0
110,baixo,adj,0
110,que,conj-s,0
110,as,art,0
110,demais,pron-det,0
110,",",",",0
110,o,pron-det,0
110,que,pron-indp,0
110,fazia,v-fin,0
110,com,prp,0
110,que,conj-s,0
110,ela,pron-pers,0
110,",",",",0
110,na,adv,0
110,época,n,0
110,das,v-pcp,0
110,chuvas,prop,0
110,",",",",0
110,fosse,v-fin,0
110,a,art,0
110,primeira,adj,0
110,a,prp,0
110,encher,prop,0
110,e,conj-c,0
110,a,art,0
110,última,adj,0
110,a,prp,0
110,secar,v-inf,0
110,–,n,0
110,encontrava-se,n,0
110,a,pron-pers,0
110,igreja,n,0
110,católica,adj,0
110,brasileira,adj,0
110,do,v-fin,0
110,padre,n,0
110,Zeca,prop,0
110,",",",",0
110,que,pron-indp,0
110,administrava,v-fin,0
110,um,art,0
110,orfanato,n,0
110,em,prp,0
110,seu,pron-det,0
110,próprio,n,0
110,terreno,n,0
110,.,.,0
111,O,art,0
111,padre,n,0
111,mantinha,v-fin,0
111,um,art,0
111,acordo,n,0
111,com,prp,0
111,a,art,0
111,Secretaria,n,0
111,de,prp,0
111,Justiça,n,0
111,do,adj,0
111,Estado,n,0
111,que,pron-indp,0
111,garantia,v-fin,0
111,ao,prp,0
111,orfanato,n,0
111,determinado,v-pcp,0
111,recurso,n,0
111,para,prp,0
111,abrigar,v-inf,0
111,",",",",0
111,alimentar,v-inf,0
111,e,conj-c,0
111,educar,v-inf,0
111,menores,adj,0
111,infratores,adj,0
111,que,pron-indp,0
111,não,adv,0
111,tinham,v-fin,0
111,família,n,0
111,.,.,0
112,Os,art,0
112,“,n,0
112,órfãos,adj,0
112,da,v-fin,0
112,sorte,n,0
112,”,adj,0
112,ou,conj-c,0
112,“,adj,0
112,desafortunados,v-pcp,0
112,”,adj,0
112,–,n,0
112,para,prp,0
112,usar,v-inf,0
112,os,art,0
112,termos,n,0
112,do,adj,0
112,presidente,n,0
112,da,adj,0
112,República,adj,0
112,Nilo,adj,0
112,Peçanha,prop,0
112,",",",",0
112,quando,adv,0
112,em,prp,0
112,1909,num,0
112,criou,v-fin,0
112,as,art,0
112,Escolas,n,0
112,de,prp,0
112,Artíﬁ,n,0
112,ces,n,0
112,e,conj-c,0
112,Oﬁ,n,0
112,cio,adj,0
112,–,v-fin,0
112,se,pron-pers,0
112,misturavam,v-fin,0
112,aos,n,0
112,pivetes,adj,0
112,do,v-fin,0
112,Noia,prop,0
112,",",",",0
112,aumentando,v-ger,0
112,",",",",0
112,assim,adv,0
112,",",",",0
112,a,art,0
112,complexidade,n,0
112,do,adj,0
112,entendimento,n,0
112,sociológico,adj,0
112,sobre,prp,0
112,aquele,pron-det,0
112,lugar.Indivíduo,n,0
112,de,prp,0
112,características,n,0
112,marcantes,adj,0
112,",",",",0
112,o,art,0
112,padre,n,0
112,falava,v-fin,0
112,grosso,adj,0
112,",",",",0
112,parecia,v-fin,0
112,querer,v-inf,0
112,assustar,v-inf,0
112,seus,pron-det,0
112,interlocutores,n,0
112,.,.,0
113,Tinha,v-fin,0
113,muitos,pron-det,0
113,ﬁ,n,0
113,lhos,adj,0
113,biológicos,adj,0
113,",",",",0
113,alguns,pron-det,0
113,assumidos,v-pcp,0
113,",",",",0
113,a,art,0
113,maioria,n,0
113,misturada,v-pcp,0
113,com,prp,0
113,os,art,0
113,internos,n,0
113,",",",",0
113,tinha,v-fin,0
113,até,prp,0
113,ﬁ,num,0
113,lhos,n,0
113,com,prp,0
113,as,art,0
113,internas,n,0
113,.,.,0
114,Criava,v-fin,0
114,muitos,pron-det,0
114,cachorros,n,0
114,e,conj-c,0
114,não,adv,0
114,gostava,v-fin,0
114,de,prp,0
114,nossa,pron-det,0
114,família,n,0
114,em,prp,0
114,virtude,n,0
114,de,prp,0
114,seguirmos,v-inf,0
114,as,art,0
114,orientações,n,0
114,da,v-fin,0
114,igreja,n,0
114,romana,adj,0
114,.,.,0
115,O,art,0
115,velho,adj,0
115,Zeca,n,0
115,",",",",0
115,porém,adv,0
115,",",",",0
115,guardava,v-fin,0
115,imenso,adj,0
115,respeito,n,0
115,pelos,adj,0
115,meus,adj,0
115,avós,n,0
115,.,.,0
116,Nordestino,prop,0
116,",",",",0
116,nascido,v-pcp,0
116,em,prp,0
116,Sergipe,prop,0
116,",",",",0
116,foi,v-fin,0
116,ser,v-inf,0
116,padre,v-pcp,0
116,para,prp,0
116,fugir,v-inf,0
116,ao,prp,0
116,desemprego.O,v-inf,0
116,sino,n,0
116,da,adv,0
116,igreja,v-fin,0
116,que,conj-s,0
116,tocava,v-fin,0
116,sempre,adv,0
116,",",",",0
116,e,conj-c,0
116,quase,adv,0
116,sempre,adv,0
116,impontual,adj,0
116,",",",",0
116,fosse,v-fin,0
116,às,prop,0
116,6,num,0
116,da,n,0
116,manhã,adv,0
116,",",",",0
116,ao,prp,0
116,meio,adj,0
116,dia,n,0
116,ou,conj-c,0
116,às,adv,0
116,6,num,0
116,da,n,0
116,noite,n,0
116,",",",",0
116,era,v-fin,0
116,mais,adv,0
116,uma,num,0
116,das,n,0
116,tantas,adj,0
116,marcas,n,0
116,da,adj,0
116,Rua,adj,0
116,da,prop,0
116,Lama,prop,0
116,.,.,0
117,A,art,0
117,última,adj,0
117,badalada,n,0
117,tinha,v-fin,0
117,uma,art,0
117,importância,n,0
117,ímpar,adj,0
117,para,prp,0
117,meus,pron-det,0
117,irmãos,n,0
117,menores,adj,0
117,.,.,0
118,Se,conj-s,0
118,as,art,0
118,luzes,n,0
118,dos,v-pcp,0
118,postes,adj,0
118,se,conj-s,0
118,acendessem,v-fin,0
118,ou,conj-c,0
118,o,art,0
118,sino,n,0
118,tocasse,v-fin,0
118,na,num,0
118,hora,n,0
118,do,v-fin,0
118,crepúsculo,n,0
118,–,adj,0
118,fosse,v-fin,0
118,o,pron-det,0
118,que,pron-indp,0
118,acontecesse,v-fin,0
118,primeiro,adj,0
118,–,n,0
118,todos,pron-det,0
118,sabiam,v-fin,0
118,que,conj-s,0
118,deveriam,v-fin,0
118,estar,v-inf,0
118,em,prp,0
118,casa,n,0
118,prontos,adj,0
118,para,prp,0
118,o,art,0
118,banho,n,0
118,.,.,0
119,Se,conj-s,0
119,",",",",0
119,por,prp,0
119,acaso,n,0
119,",",",",0
119,isso,pron-indp,0
119,não,adv,0
119,ocorresse,v-fin,0
119,",",",",0
119,Tia,v-fin,0
119,Pilá,prop,0
119,",",",",0
119,certamente,adv,0
119,",",",",0
119,armada,v-pcp,0
119,com,prp,0
119,uma,art,0
119,varinha,n,0
119,de,prp,0
119,goiabeira,prop,0
119,",",",",0
119,estaria,v-fin,0
119,a,prp,0
119,esperar,v-inf,0
119,",",",",0
119,pronta,pp,0
119,para,prp,0
119,esquentar,v-inf,0
119,o,art,0
119,lombo,n,0
119,da,v-fin,0
119,negrada,v-pcp,0
119,impontual.Em,adj,0
119,algum,pron-det,0
119,momento,n,0
119,do,v-fin,0
119,meu,pron-det,0
119,processo,n,0
119,educacional,adj,0
119,e,conj-c,0
119,",",",",0
119,em,prp,0
119,virtude,n,0
119,de,prp,0
119,minha,pron-det,0
119,diﬁ,adj,0
119,culdade,n,0
119,de,prp,0
119,aprendizagem,n,0
119,",",",",0
119,deixei,v-fin,0
119,as,art,0
119,aulas,n,0
119,de,prp,0
119,Dona,n,0
119,Clarice,adj,0
119,",",",",0
119,que,pron-indp,0
119,era,v-fin,0
119,apenas,adv,0
119,professora,n,0
119,de,prp,0
119,alfabetização,n,0
119,",",",",0
119,e,conj-c,0
119,fui,v-fin,0
119,estudar,v-inf,0
119,no,adv,0
119,citado,v-pcp,0
119,orfanato,n,0
119,.,.,0
120,Digo,v-fin,0
120,a,art,0
120,vocês,n,0
120,que,pron-indp,0
120,",",",",0
120,mesmo,adv,0
120,não,adv,0
120,tendo,v-ger,0
120,evoluído,v-pcp,0
120,muito,adv,0
120,nas,adj,0
120,matérias,n,0
120,da,adj,0
120,ciência,n,0
120,ou,conj-c,0
120,nas,n,0
120,disciplinas,adj,0
120,necessárias,adj,0
120,ao,prp,0
120,caminho,n,0
120,pedagógico,adj,0
120,de,prp,0
120,um,art,0
120,pré-adolescente,n,0
120,",",",",0
120,minha,pron-det,0
120,vida,n,0
120,no,adj,0
120,orfanato,adv,0
120,",",",",0
120,em,prp,0
120,termos,n,0
120,de,prp,0
120,vivência,n,0
120,e,conj-c,0
120,convivência,n,0
120,social,adj,0
120,",",",",0
120,foi,v-fin,0
120,muito,adv,0
120,oportuna,adj,0
120,.,.,0
121,Conheci,v-fin,0
121,o,art,0
121,Miguelão,n,0
121,",",",",0
121,negrão,prop,0
121,",",",",0
121,gente,n,0
121,boa,adj,0
121,",",",",0
121,de,prp,0
121,quem,pron-indp,0
121,ainda,adv,0
121,sinto,v-fin,0
121,saudade,n,0
121,",",",",0
121,e,conj-c,0
121,me,pron-pers,0
121,tornei,v-fin,0
121,amigo,n,0
121,do,adj,0
121,Ciço,prop,0
121,",",",",0
121,um,art,0
121,dos,n,0
121,muitos,pron-det,0
121,ﬁ,n,0
121,lhos,adj,0
121,do,v-fin,0
121,padre,n,0
121,Zeca,prop,0
121,.,.,0
122,Nós,prop,0
122,três,num,0
122,",",",",0
122,juntamente,adv,0
122,com,prp,0
122,Quincão,prop,0
122,",",",",0
122,morador,n,0
122,da,v-fin,0
122,rua,n,0
122,de,prp,0
122,trás,prop,0
122,",",",",0
122,mais,adv,0
122,tarde,adv,0
122,",",",",0
122,formaríamos,v-fin,0
122,um,art,0
122,grupo,n,0
122,de,prp,0
122,dança,n,0
122,de,prp,0
122,rua.Tive,n,0
122,imensa,adj,0
122,diﬁ,adj,0
122,culdade,n,0
122,na,adj,0
122,alfabetização,n,0
122,.,.,0
123,Sobre,v-fin,0
123,isso,pron-indp,0
123,",",",",0
123,penso,v-fin,0
123,que,conj-s,0
123,minha,pron-det,0
123,migração,n,0
123,muito,adv,0
123,precoce,adj,0
123,somada,v-pcp,0
123,à,adv,0
123,dislexia,prop,0
123,",",",",0
123,deﬁ,prop,0
123,ciência,v-fin,0
123,esta,pron-det,0
123,descoberta,n,0
123,somente,adv,0
123,depois,adv,0
123,dos,v-pcp,0
123,30,num,0
123,anos,n,0
123,",",",",0
123,ocasionou,v-fin,0
123,certa,pron-det,0
123,instabilidade,n,0
123,psicológica,adj,0
123,que,pron-indp,0
123,prejudicou,v-fin,0
123,esse,pron-det,0
123,início,n,0
123,de,prp,0
123,processo,n,0
123,de,prp,0
123,escolarização,n,0
123,.,.,0
124,Minha,prop,0
124,irmã,prop,0
124,",",",",0
124,um,art,0
124,ano,n,0
124,mais,adv,0
124,jovem,adj,0
124,",",",",0
124,pelo,v-fin,0
124,que,conj-s,0
124,me,pron-pers,0
124,lembro,v-fin,0
124,",",",",0
124,aprendeu,v-fin,0
124,a,art,0
124,ler,prop,0
124,e,conj-c,0
124,a,prp,0
124,escrever,v-inf,0
124,primeiro,adv,0
124,que,conj-s,0
124,eu,pron-pers,0
124,",",",",0
124,entretanto,adv,0
124,",",",",0
124,quando,adv,0
124,ingressamos,v-fin,0
124,no,adv,0
124,colégio,n,0
124,",",",",0
124,acabei,v-fin,0
124,tendo,v-ger,0
124,um,art,0
124,desempenho,n,0
124,condizente,adj,0
124,com,prp,0
124,o,pron-det,0
124,que,pron-indp,0
124,nos,pron-pers,0
124,era,v-fin,0
124,exigido.Nossa,v-inf,0
124,família,n,0
124,não,adv,0
124,pode,v-fin,0
124,lembrar-se,n,0
124,de,prp,0
124,educação,n,0
124,sem,prp,0
124,pensar,v-inf,0
124,em,prp,0
124,Dona,n,0
124,Clarice,adj,0
124,.,.,0
125,Essa,v-fin,0
125,mulher,n,0
125,foi,v-fin,0
125,professora,n,0
125,de,prp,0
125,todos,pron-det,0
125,os,art,0
125,nossos,pron-det,0
125,irmãos,n,0
125,",",",",0
125,melhor,adj,0
125,dizendo,v-ger,0
125,",",",",0
125,foi,v-fin,0
125,Dona,prop,0
125,Clarice,prp,0
125,quem,pron-indp,0
125,alfabetizou,v-fin,0
125,toda,pron-det,0
125,a,art,0
125,meninada,n,0
125,do,adj,0
125,bairro,n,0
125,e,conj-c,0
125,adjacências.Professora,n,0
125,conservadora,adj,0
125,",",",",0
125,usava,v-fin,0
125,uma,art,0
125,varinha,n,0
125,para,prp,0
125,ameaçar,v-inf,0
125,quem,pron-indp,0
125,não,adv,0
125,acompanhava,v-fin,0
125,a,art,0
125,lição,n,0
125,.,.,0
126,A,art,0
126,sala,n,0
126,de,prp,0
126,aula,n,0
126,",",",",0
126,parte,n,0
126,na,adj,0
126,cozinha,n,0
126,e,conj-c,0
126,parte,n,0
126,na,adj,0
126,varanda,prop,0
126,",",",",0
126,recebia,v-fin,0
126,durante,prp,0
126,toda,pron-det,0
126,manhã,n,0
126,a,art,0
126,sombra,n,0
126,de,prp,0
126,uma,art,0
126,mangueira,n,0
126,.,.,0
127,A,art,0
127,minha,pron-det,0
127,primeira,adj,0
127,professora,n,0
127,sabia,v-fin,0
127,que,conj-s,0
127,tinha,v-fin,0
127,que,conj-s,0
127,ser,v-inf,0
127,dura,v-fin,0
127,com,prp,0
127,a,art,0
127,molecada,n,0
127,.,.,0
128,A,art,0
128,realidade,n,0
128,social,adj,0
128,era,v-fin,0
128,brutal,adj,0
128,",",",",0
128,sendo,v-ger,0
128,assim,adv,0
128,",",",",0
128,a,art,0
128,sua,pron-det,0
128,varinha,n,0
128,de,prp,0
128,açoite,n,0
128,",",",",0
128,em,prp,0
128,relação,n,0
128,ao,prp,0
128,que,conj-s,0
128,vivíamos,v-fin,0
128,fora,adv,0
128,da,v-fin,0
128,sombra,n,0
128,de,prp,0
128,sua,pron-det,0
128,mangueira,n,0
128,",",",",0
128,transformava-se,v-fin,0
128,numa,pron-pers,0
128,varinha,n,0
128,de,prp,0
128,condão.Nem,n,0
128,mesmo,adv,0
128,o,art,0
128,conservadorismo,n,0
128,dessa,v-fin,0
128,maravilhosa,adj,0
128,alfabetizadora,n,0
128,fez,v-fin,0
128,com,prp,0
128,que,conj-s,0
128,ela,pron-pers,0
128,deixasse,v-fin,0
128,de,prp,0
128,se,pron-pers,0
128,aproximar,v-inf,0
128,do,pp,0
128,grande,adj,0
128,educador,n,0
128,pernambucano,adj,0
128,",",",",0
128,Paulo,adj,0
128,Freire,prop,0
128,",",",",0
128,que,pron-indp,0
128,viveu,v-fin,0
128,a,art,0
128,experiência,n,0
128,de,prp,0
128,se,pron-pers,0
128,alfabetizar,v-inf,0
128,à,adv,0
128,sombra,n,0
128,de,prp,0
128,uma,art,0
128,mangueira,n,0
128,e,conj-c,0
128,até,adv,0
128,usou,v-fin,0
128,isso,pron-indp,0
128,como,adv,0
128,motivo,n,0
128,para,prp,0
128,intitular,v-inf,0
128,um,num,0
128,de,prp,0
128,seus,pron-det,0
128,mais,adv,0
128,prestigiados,v-pcp,0
128,livros,n,0
128,.,.,0
129,Foi,adv,0
129,precisamente,adv,0
129,Dona,v-fin,0
129,Clarice,v-inf,0
129,quem,pron-indp,0
129,me,pron-pers,0
129,iniciou,v-fin,0
129,na,adv,0
129,compreensão,n,0
129,das,v-pcp,0
129,palavras,n,0
129,e,conj-c,0
129,",",",",0
129,de,prp,0
129,alguma,pron-det,0
129,forma,n,0
129,feiticeira,adj,0
129,",",",",0
129,com,prp,0
129,sua,pron-det,0
129,varinha,n,0
129,",",",",0
129,ora,adv,0
129,mágica,prop,0
129,",",",",0
129,ora,adv,0
129,de,prp,0
129,açoite,n,0
129,",",",",0
129,deu-me,v-fin,0
129,a,art,0
129,possibilidade,n,0
129,de,prp,0
129,entender,v-inf,0
129,o,art,0
129,mundo,n,0
129,indissociável,adj,0
129,–,v-fin,0
129,como,adv,0
129,nos,pron-pers,0
129,diz,v-fin,0
129,Paulo,n,0
129,Freire,adj,0
129,–,adj,0
129,em,prp,0
129,seus,pron-det,0
129,códigos,n,0
129,simbólicos,adj,0
129,e,conj-c,0
129,concretos.Apesar,v-inf,0
129,de,prp,0
129,ter,v-inf,0
129,vivido,v-pcp,0
129,minhas,pron-det,0
129,primeiras,adj,0
129,experiências,n,0
129,de,prp,0
129,alfabetização,n,0
129,sob,prp,0
129,a,art,0
129,orientação,n,0
129,de,prp,0
129,minha,pron-det,0
129,avó,n,0
129,",",",",0
129,ainda,adv,0
129,na,v-fin,0
129,Paraíba,prop,0
129,",",",",0
129,minha,pron-det,0
129,alfabetização,n,0
129,mesmo,adv,0
129,",",",",0
129,de,prp,0
129,vera,prop,0
129,",",",",0
129,se,pron-pers,0
129,deu,v-fin,0
129,com,prp,0
129,Dona,n,0
129,Clarice.Dona,adj,0
129,Cassiana,adj,0
129,",",",",0
129,minha,pron-det,0
129,avó,n,0
129,",",",",0
129,não,adv,0
129,conseguiu,v-fin,0
129,me,pron-pers,0
129,ensinar,v-inf,0
129,a,prp,0
129,ler,v-inf,0
129,nem,conj-c,0
129,a,prp,0
129,escrever,v-inf,0
129,",",",",0
129,mas,conj-c,0
129,juro,n,0
129,que,conj-s,0
129,",",",",0
129,pelo,n,0
129,ritual,adj,0
129,que,pron-indp,0
129,ela,pron-pers,0
129,criava,v-fin,0
129,na,num,0
129,hora,n,0
129,de,prp,0
129,me,pron-pers,0
129,indicar,v-inf,0
129,as,art,0
129,primeiras,adj,0
129,letras,n,0
129,",",",",0
129,eu,pron-pers,0
129,ainda,adv,0
129,queria,v-fin,0
129,estar,v-inf,0
129,lá,adv,0
129,.,.,0
130,As,prop,0
130,lembranças,n,0
130,daquele,v-fin,0
130,ritual,adj,0
130,hoje,adv,0
130,me,pron-pers,0
130,remetem,v-fin,0
130,ao,prp,0
130,poeta,n,0
130,maldito,adj,0
130,Walt,adj,0
130,Whitman,prop,0
130,:,v-fin,0
130,“,n,0
130,e,conj-c,0
130,não,adv,0
130,foi,v-fin,0
130,fácil,adj,0
130,seguir,v-inf,0
130,adiante,adv,0
130,",",",",0
130,pois,conj-s,0
130,eu,pron-pers,0
130,teria,v-fin,0
130,querido,v-pcp,0
130,ﬁ,adv,0
130,car,v-inf,0
130,ali,adv,0
130,ﬂ,v-fin,0
130,anando,v-ger,0
130,o,art,0
130,tempo,n,0
130,todo,pron-det,0
130,",",",",0
130,cantando,v-ger,0
130,aquilo,pron-indp,0
130,em,prp,0
130,cânticos,n,0
130,extasiados,v-pcp,0
130,”,adj,0
130,.,.,0
131,Por,prop,0
131,volta,n,0
131,do,adj,0
131,ﬁ,adj,0
131,m,adj,0
131,dos,v-pcp,0
131,anos,n,0
131,sessenta,adj,0
131,",",",",0
131,minha,pron-det,0
131,generosa,adj,0
131,avó,n,0
131,",",",",0
131,mãe,n,0
131,de,prp,0
131,minha,pron-det,0
131,mãe,n,0
131,",",",",0
131,pegava,v-fin,0
131,um,art,0
131,papelão,n,0
131,",",",",0
131,colocava-o,v-fin,0
131,por,prp,0
131,sobre,prp,0
131,a,art,0
131,fumaça,n,0
131,de,prp,0
131,uma,art,0
131,lamparina,n,0
131,",",",",0
131,fazia,v-fin,0
131,a,art,0
131,letra,n,0
131,a,prp,0
131,com,prp,0
131,seu,pron-det,0
131,dedo,n,0
131,por,prp,0
131,sobre,prp,0
131,a,art,0
131,borra,n,0
131,da,adj,0
131,fumaça,n,0
131,",",",",0
131,depois,adv,0
131,pedia,v-fin,0
131,",",",",0
131,dando,v-ger,0
131,um,art,0
131,cheiro,n,0
131,em,prp,0
131,meu,pron-det,0
131,pescoço,n,0
131,",",",",0
131,que,pron-indp,0
131,eu,pron-pers,0
131,repetisse,v-fin,0
131,a,art,0
131,letra,n,0
131,ao,prp,0
131,lado,n,0
131,da,adj,0
131,que,pron-indp,0
131,estava,v-fin,0
131,feita.Essa,v-fin,0
131,data,n,0
131,é,v-fin,0
131,realmente,adv,0
131,muito,adv,0
131,forte,adj,0
131,pra,prp,0
131,mim,pron-pers,0
131,.,.,0
132,Traz,v-fin,0
132,lembranças,n,0
132,da,adj,0
132,Copa,adj,0
132,do,v-fin,0
132,Mundo,v-ger,0
132,realizada,v-pcp,0
132,no,adv,0
132,México,adj,0
132,",",",",0
132,quando,adv,0
132,a,art,0
132,seleção,n,0
132,de,prp,0
132,Pelé,prop,0
132,",",",",0
132,Tostão,prop,0
132,",",",",0
132,Rivelino,prop,0
132,",",",",0
132,Gerson,prop,0
132,e,conj-c,0
132,Jairzinho,prop,0
132,e,conj-c,0
132,outros,pron-det,0
132,foi,v-fin,0
132,a,art,0
132,tri-campeão,n,0
132,e,conj-c,0
132,cujo,pron-det,0
132,jogo,n,0
132,ﬁ,adj,0
132,nal,adj,0
132,do,v-fin,0
132,Brasil,prop,0
132,versus,adj,0
132,Itália,v-fin,0
132,me,pron-pers,0
132,emocionou,v-fin,0
132,muito,adv,0
132,.,.,0
133,Além,prop,0
133,disso,pp,0
133,",",",",0
133,era,v-fin,0
133,a,art,0
133,primeira,adj,0
133,vez,n,0
133,que,pron-indp,0
133,eu,pron-pers,0
133,via,v-fin,0
133,uma,art,0
133,televisão,n,0
133,.,.,0
134,Era,adv,0
134,do,v-fin,0
134,Seu,adv,0
134,Pedim,n,0
134,",",",",0
134,irmão,n,0
134,do,adj,0
134,Tio,v-fin,0
134,Jotão,adv,0
134,.,.,0
135,Eu,prop,0
135,tinha,v-fin,0
135,seis,num,0
135,anos,n,0
135,e,conj-c,0
135,",",",",0
135,com,prp,0
135,a,art,0
135,mudança,n,0
135,de,prp,0
135,parte,n,0
135,da,adj,0
135,família,n,0
135,para,prp,0
135,o,art,0
135,Rio,prop,0
135,de,prp,0
135,Janeiro,prop,0
135,",",",",0
135,incluindo,v-ger,0
135,o,art,0
135,meu,pron-det,0
135,avô,n,0
135,",",",",0
135,eu,pron-pers,0
135,já,adv,0
135,era,v-fin,0
135,o,art,0
135,homem,n,0
135,da,v-fin,0
135,casa.Meses,n,0
135,depois,adv,0
135,",",",",0
135,eu,pron-pers,0
135,",",",",0
135,minha,pron-det,0
135,avó,n,0
135,",",",",0
135,minhas,pron-det,0
135,duas,num,0
135,tias,n,0
135,e,conj-c,0
135,minha,pron-det,0
135,irmã,n,0
135,fomos,v-fin,0
135,nos,pron-pers,0
135,juntar,v-inf,0
135,aos,n,0
135,demais,adv,0
135,que,pron-indp,0
135,tinham,v-fin,0
135,ido,v-pcp,0
135,morar,v-inf,0
135,na,adj,0
135,cidade,n,0
135,maravilhosa.Aos,adj,0
135,onze,num,0
135,anos,n,0
135,",",",",0
135,fui,v-fin,0
135,para,prp,0
135,um,art,0
135,colégio,n,0
135,do,pp,0
135,Estado,v-pcp,0
135,chamado,v-pcp,0
135,de,prp,0
135,Aníbal,prop,0
135,Viriato,n,0
135,de,prp,0
135,Azevedo,prop,0
135,.,.,0
136,Por,prop,0
136,falta,n,0
136,de,prp,0
136,vaga,n,0
136,na,adj,0
136,série,n,0
136,inicial,adj,0
136,",",",",0
136,e,conj-c,0
136,por,prp,0
136,minha,pron-det,0
136,idade,n,0
136,",",",",0
136,propuseram,v-fin,0
136,à,adv,0
136,minha,pron-det,0
136,avó,n,0
136,que,pron-indp,0
136,eu,pron-pers,0
136,ﬁ,v-fin,0
136,zesse,v-fin,0
136,um,art,0
136,teste,n,0
136,de,prp,0
136,nível,n,0
136,.,.,0
137,Com,v-fin,0
137,o,art,0
137,consentimento,n,0
137,de,prp,0
137,minha,pron-det,0
137,avó,n,0
137,e,conj-c,0
137,com,prp,0
137,os,art,0
137,ensinamentos,n,0
137,de,prp,0
137,Dona,n,0
137,Clarice,adj,0
137,",",",",0
137,o,art,0
137,teste,n,0
137,não,adv,0
137,apresentou,v-fin,0
137,empecilho,n,0
137,para,prp,0
137,minha,pron-det,0
137,admissão,n,0
137,à,adj,0
137,quarta,adj,0
137,série,n,0
137,",",",",0
137,último,adj,0
137,período,n,0
137,do,adj,0
137,antigo,adj,0
137,primeiro,adj,0
137,grau,n,0
137,menor.A,adj,0
137,PROLEApós,v-fin,0
137,a,art,0
137,chegada,n,0
137,ao,prp,0
137,Rio,prop,0
137,de,prp,0
137,Janeiro,prop,0
137,",",",",0
137,nossa,pron-det,0
137,família,n,0
137,começou,v-fin,0
137,a,prp,0
137,aumentar,v-inf,0
137,.,.,0
138,Tia,prop,0
138,Pilá,prop,0
138,e,conj-c,0
138,Tio,prop,0
138,Jotão,prop,0
138,",",",",0
138,que,pron-indp,0
138,já,adv,0
138,tinham,v-fin,0
138,o,art,0
138,Nininho,n,0
138,",",",",0
138,nos,pron-pers,0
138,deram,v-fin,0
138,o,art,0
138,Gago,prop,0
138,",",",",0
138,o,art,0
138,Terra,n,0
138,Quente,adj,0
138,e,conj-c,0
138,",",",",0
138,por,prp,0
138,ﬁ,prop,0
138,m,prop,0
138,",",",",0
138,a,art,0
138,Candolina,prop,0
138,.,.,0
139,A,art,0
139,Tia,n,0
139,Cheirosa,adj,0
139,teve,v-fin,0
139,o,art,0
139,Dando,prop,0
139,e,conj-c,0
139,o,art,0
139,Kiko,prop,0
139,.,.,0
140,Tio,prop,0
140,Mandu,v-fin,0
140,com,prp,0
140,Tia,n,0
140,Branca,adj,0
140,tiveram,v-fin,0
140,a,art,0
140,Lerita,n,0
140,",",",",0
140,o,art,0
140,Cabelo,n,0
140,e,conj-c,0
140,o,art,0
140,Nido,prop,0
140,",",",",0
140,que,pron-indp,0
140,é,v-fin,0
140,meu,pron-det,0
140,aﬁ,n,0
140,lhado,v-pcp,0
140,.,.,0
141,Tia,prop,0
141,Nega,v-fin,0
141,deu,v-fin,0
141,à,adv,0
141,luz,n,0
141,a,art,0
141,Prisca,n,0
141,e,conj-c,0
141,",",",",0
141,a,art,0
141,minha,pron-det,0
141,mãe,n,0
141,ao,prp,0
141,Binha,prop,0
141,.,.,0
142,Esses,n,0
142,treze,v-fin,0
142,meninos,n,0
142,",",",",0
142,em,prp,0
142,idades,n,0
142,que,pron-indp,0
142,variavam,v-fin,0
142,de,prp,0
142,um,num,0
142,a,prp,0
142,dezessete,num,0
142,anos,n,0
142,",",",",0
142,infernizavam,v-fin,0
142,a,art,0
142,vida,n,0
142,de,prp,0
142,Tia,n,0
142,Pilá,adj,0
142,",",",",0
142,a,art,0
142,qual,pron-det,0
142,era,v-fin,0
142,incumbida,v-pcp,0
142,",",",",0
142,juntamente,adv,0
142,com,prp,0
142,vovó,prop,0
142,",",",",0
142,da,v-fin,0
142,diﬁ,n,0
142,cílima,adj,0
142,tarefa,n,0
142,do,v-fin,0
142,cuidado,v-pcp,0
142,diário,n,0
142,.,.,0
143,Os,art,0
143,demais,pron-det,0
143,adultos,n,0
143,",",",",0
143,homens,n,0
143,e,conj-c,0
143,mulheres,n,0
143,",",",",0
143,trabalhavam,v-fin,0
143,ou,conj-c,0
143,procuravam,v-fin,0
143,por,prp,0
143,um,art,0
143,emprego,n,0
143,assalariado.Minha,adj,0
143,avó,prop,0
143,",",",",0
143,que,pron-indp,0
143,teve,v-fin,0
143,um,art,0
143,total,n,0
143,de,prp,0
143,quinze,num,0
143,ﬁ,n,0
143,lhos,adj,0
143,e,conj-c,0
143,que,conj-s,0
143,",",",",0
143,dadas,v-pcp,0
143,às,adv,0
143,condições,n,0
143,objetivas,adj,0
143,do,adj,0
143,interior,n,0
143,da,adj,0
143,Paraíba,prop,0
143,terem,v-inf,0
143,permitido,v-pcp,0
143,que,conj-s,0
143,apenas,adv,0
143,cinco,num,0
143,sobrevivessem,v-fin,0
143,",",",",0
143,lamentava,v-fin,0
143,não,adv,0
143,estar,v-inf,0
143,com,prp,0
143,todos,pron-det,0
143,os,art,0
143,rebentos,n,0
143,a,art,0
143,sua,pron-det,0
143,volta,n,0
143,.,.,0
144,E,prop,0
144,comentava,v-fin,0
144,sempre,adv,0
144,em,prp,0
144,tom,n,0
144,melancólico,adj,0
144,que,pron-indp,0
144,a,art,0
144,melhor,adj,0
144,coisa,n,0
144,que,pron-indp,0
144,havia,v-fin,0
144,nessa,n,0
144,vida,n,0
144,era,v-fin,0
144,a,art,0
144,convivência,n,0
144,com,prp,0
144,os,art,0
144,ﬁ,n,0
144,lhos,adj,0
144,e,conj-c,0
144,como,adv,0
144,seria,v-fin,0
144,bom,adj,0
144,se,conj-s,0
144,todos,pron-det,0
144,estivessem,v-fin,0
144,vivos,adj,0
144,.,.,0
145,Se,conj-s,0
145,não,adv,0
145,mencionei,v-fin,0
145,o,art,0
145,nome,n,0
145,de,prp,0
145,alguns,pron-det,0
145,dos,v-pcp,0
145,nossos,pron-det,0
145,progenitores,n,0
145,",",",",0
145,como,adv,0
145,por,prp,0
145,exemplo,n,0
145,",",",",0
145,o,art,0
145,do,n,0
145,meu,pron-det,0
145,pai,n,0
145,",",",",0
145,é,v-fin,0
145,que,conj-s,0
145,nunca,adv,0
145,tive,v-fin,0
145,o,art,0
145,prazer,n,0
145,de,prp,0
145,avistá-lo,n,0
145,uma,art,0
145,vez,n,0
145,sequer,adv,0
145,",",",",0
145,mesmo,adv,0
145,que,conj-s,0
145,de,prp,0
145,longe,adv,0
145,.,.,0
146,Essa,prop,0
146,parece,v-fin,0
146,ser,v-inf,0
146,outra,pron-det,0
146,marca,n,0
146,importante,adj,0
146,na,adj,0
146,nossa,pron-det,0
146,comunidade,n,0
146,.,.,0
147,O,art,0
147,meu,pron-det,0
147,irmão,n,0
147,Binha,prop,0
147,",",",",0
147,que,pron-indp,0
147,tem,v-fin,0
147,dez,num,0
147,anos,n,0
147,menos,adv,0
147,que,conj-s,0
147,eu,pron-pers,0
147,",",",",0
147,também,adv,0
147,conviveu,v-fin,0
147,com,prp,0
147,o,art,0
147,fato,n,0
147,de,prp,0
147,o,art,0
147,pai,n,0
147,o,art,0
147,abandonar,v-inf,0
147,precocemente,adv,0
147,.,.,0
148,O,art,0
148,pai,n,0
148,dos,v-pcp,0
148,ﬁ,v-fin,0
148,lhos,n,0
148,da,adj,0
148,Tia,v-fin,0
148,Cheirosa,adj,0
148,",",",",0
148,até,prp,0
148,hoje,adv,0
148,",",",",0
148,é,v-fin,0
148,uma,art,0
148,polêmica,n,0
148,.,.,0
149,O,art,0
149,certo,adj,0
149,é,v-fin,0
149,que,conj-s,0
149,ela,pron-pers,0
149,teve,v-fin,0
149,um,art,0
149,casamento,n,0
149,pouco,adv,0
149,duradouro,adj,0
149,que,conj-s,0
149,a,art,0
149,deixou,v-fin,0
149,com,prp,0
149,dois,num,0
149,ﬁ,n,0
149,lhos,adj,0
149,e,conj-c,0
149,a,art,0
149,fez,v-fin,0
149,casar-se,v-fin,0
149,novamente,adv,0
149,.,.,0
150,A,art,0
150,ﬁ,prop,0
150,lha,adj,0
150,da,v-fin,0
150,Tia,prop,0
150,Nega,v-fin,0
150,conheceu,v-fin,0
150,e,conj-c,0
150,conviveu,v-fin,0
150,com,prp,0
150,o,art,0
150,pai,n,0
150,",",",",0
150,mas,conj-c,0
150,alguns,pron-det,0
150,acontecimentos,n,0
150,desagradáveis,adj,0
150,não,adv,0
150,o,pron-pers,0
150,credenciaram,v-fin,0
150,a,prp,0
150,ser,v-inf,0
150,incluído,v-pcp,0
150,como,adv,0
150,membro,n,0
150,dessa,v-fin,0
150,conﬂ,n,0
150,ituosa,adj,0
150,família,n,0
150,.,.,0
151,Portanto,adv,0
151,",",",",0
151,os,art,0
151,apresentados,v-pcp,0
151,anteriormente,adv,0
151,são,v-fin,0
151,",",",",0
151,de,prp,0
151,fato,n,0
151,e,conj-c,0
151,de,prp,0
151,direito,n,0
151,",",",",0
151,os,art,0
151,integrantes,adj,0
151,dessa,n,0
151,família,n,0
151,",",",",0
151,pois,conj-s,0
151,viveram,v-fin,0
151,sob,prp,0
151,a,art,0
151,guarda,n,0
151,do,adj,0
151,magníﬁ,prop,0
151,co,v-fin,0
151,guarda-chuva,n,0
151,que,pron-indp,0
151,se,pron-pers,0
151,constituía,v-fin,0
151,em,prp,0
151,torno,n,0
151,de,prp,0
151,nossos,pron-det,0
151,avós,n,0
151,",",",",0
151,de,prp,0
151,modo,n,0
151,especial,adj,0
151,da,v-fin,0
151,Dona,adv,0
151,Cassiana.Vivemos,v-fin,0
151,boa,adj,0
151,parte,n,0
151,da,adv,0
151,vida,n,0
151,praticamente,adv,0
151,na,v-fin,0
151,mesma,pron-det,0
151,casa,n,0
151,",",",",0
151,criados,v-pcp,0
151,pelas,adj,0
151,mesmas,pron-det,0
151,pessoas,n,0
151,",",",",0
151,comendo,v-ger,0
151,a,art,0
151,mesma,pron-det,0
151,comida,n,0
151,",",",",0
151,experimentando,v-ger,0
151,problemas,n,0
151,comuns,adj,0
151,",",",",0
151,dividindo,v-ger,0
151,roupas,n,0
151,–,prp,0
151,o,pron-det,0
151,que,pron-indp,0
151,",",",",0
151,em,prp,0
151,certa,pron-det,0
151,medida,n,0
151,",",",",0
151,ainda,adv,0
151,fazemos,v-fin,0
151,hoje,adv,0
151,–,v-fin,0
151,chorando,v-ger,0
151,e,conj-c,0
151,rindo,v-ger,0
151,dos,v-pcp,0
151,mesmos,pron-det,0
151,casos,n,0
151,.,.,0
152,Em,prop,0
152,nossa,pron-det,0
152,família,n,0
152,ﬁ,prop,0
152,cou,v-fin,0
152,muito,adv,0
152,comum,adj,0
152,não,adv,0
152,se,pron-pers,0
152,identiﬁ,v-fin,0
152,car,v-inf,0
152,quem,pron-indp,0
152,era,v-fin,0
152,ﬁ,adj,0
152,lho,n,0
152,de,prp,0
152,quem,pron-indp,0
152,.,.,0
153,Até,prp,0
153,hoje,adv,0
153,",",",",0
153,quando,adv,0
153,vamos,v-fin,0
153,nos,pron-pers,0
153,apresentar,v-inf,0
153,a,art,0
153,terceiros,n,0
153,",",",",0
153,ﬁ,prop,0
153,camos,v-fin,0
153,em,prp,0
153,dúvida,n,0
153,sobre,prp,0
153,o,pron-det,0
153,que,pron-indp,0
153,dizer,v-inf,0
153,e,conj-c,0
153,acabamos,v-fin,0
153,confundindo,v-ger,0
153,o,art,0
153,apresentado,n,0
153,.,.,0
154,Esse,v-fin,0
154,fato,n,0
154,faz-me,v-fin,0
154,lembrar,v-inf,0
154,de,prp,0
154,Stive,n,0
154,Biko,prop,0
154,",",",",0
154,um,art,0
154,dos,n,0
154,principais,adj,0
154,líderes,n,0
154,da,adj,0
154,resistência,n,0
154,sul-africana,adj,0
154,contra,prp,0
154,o,art,0
154,sistema,n,0
154,de,prp,0
154,segregação,n,0
154,racial,adj,0
154,",",",",0
154,conhecido,v-pcp,0
154,como,adv,0
154,Apartheid,prop,0
154,.,.,0
155,Biko,prop,0
155,dizia,v-fin,0
155,mais,adv,0
155,ou,conj-c,0
155,menos,adv,0
155,assim,adv,0
155,:,v-fin,0
155,“,prop,0
155,Meu,adj,0
155,irmão,n,0
155,é,v-fin,0
155,meu,pron-det,0
155,irmão,n,0
155,;,;,0
155,meu,pron-det,0
155,primo,n,0
155,também,adv,0
155,é,v-fin,0
155,meu,pron-det,0
155,irmão,n,0
155,",",",",0
155,pois,conj-s,0
155,é,v-fin,0
155,ﬁ,adj,0
155,lho,adj,0
155,da,adj,0
155,irmã,n,0
155,de,prp,0
155,minha,pron-det,0
155,mãe,n,0
155,;,;,0
155,minha,pron-det,0
155,tia,n,0
155,também,adv,0
155,é,v-fin,0
155,minha,pron-det,0
155,irmã,n,0
155,",",",",0
155,pois,conj-s,0
155,é,v-fin,0
155,irmã,n,0
155,de,prp,0
155,minha,pron-det,0
155,mãe,n,0
155,”,prop,0
155,.,.,0
156,Assim,adv,0
156,",",",",0
156,vivíamos,v-fin,0
156,no,pron-pers,0
156,Noia,n,0
156,",",",",0
156,muitos,pron-det,0
156,meninos,n,0
156,",",",",0
156,unidos,v-pcp,0
156,",",",",0
156,brincalhões,n,0
156,e,conj-c,0
156,causando,v-ger,0
156,problemas,n,0
156,para,prp,0
156,vovó,n,0
156,e,conj-c,0
156,Tia,n,0
156,Pilá,adj,0
156,.,.,0
157,Eu,prop,0
157,e,conj-c,0
157,o,art,0
157,Gago,n,0
157,sempre,adv,0
157,tivemos,v-fin,0
157,problemas,n,0
157,respiratórios,adj,0
157,e,conj-c,0
157,ainda,adv,0
157,por,prp,0
157,cima,n,0
157,representávamos,v-fin,0
157,a,art,0
157,amostra,n,0
157,chorona,v-fin,0
157,da,adj,0
157,família,n,0
157,.,.,0
158,Por,prop,0
158,qualquer,pron-det,0
158,coisa,n,0
158,estávamos,v-fin,0
158,às,adv,0
158,lágrimas,n,0
158,.,.,0
159,O,art,0
159,Nininho,prop,0
159,era,v-fin,0
159,o,art,0
159,azarado,v-pcp,0
159,do,v-fin,0
159,grupo,n,0
159,",",",",0
159,acontecia,n,0
159,de,prp,0
159,tudo,pron-indp,0
159,com,prp,0
159,o,art,0
159,pivete,n,0
159,:,prop,0
159,ele,pron-pers,0
159,caía,v-fin,0
159,em,prp,0
159,poço,n,0
159,",",",",0
159,vivia,v-fin,0
159,se,pron-pers,0
159,cortando,v-ger,0
159,em,prp,0
159,caco,n,0
159,de,prp,0
159,vidro,prop,0
159,",",",",0
159,despencava,v-fin,0
159,sem,prp,0
159,ter,v-inf,0
159,nem,adv,0
159,porque,conj-s,0
159,das,v-pcp,0
159,árvores,n,0
159,e,conj-c,0
159,",",",",0
159,uma,art,0
159,vez,n,0
159,",",",",0
159,o,art,0
159,Terra,n,0
159,Quente,adj,0
159,lhe,pron-pers,0
159,aplicou,v-fin,0
159,uma,art,0
159,latada,n,0
159,na,adj,0
159,testa,v-fin,0
159,que,pron-indp,0
159,lhe,pron-pers,0
159,valeu,v-fin,0
159,cinco,num,0
159,pontos,n,0
159,.,.,0
160,O,art,0
160,Terra,n,0
160,Quente,adj,0
160,",",",",0
160,cujo,pron-det,0
160,apelido,n,0
160,pode,v-fin,0
160,ser,v-inf,0
160,bem,adv,0
160,justiﬁ,adv,0
160,cado,v-pcp,0
160,",",",",0
160,era,v-fin,0
160,meio,n,0
160,hiperativo,adj,0
160,.,.,0
161,Até,adv,0
161,quando,adv,0
161,estava,v-fin,0
161,parado,v-pcp,0
161,",",",",0
161,ﬁ,prop,0
161,cava,v-fin,0
161,balançando,v-ger,0
161,as,art,0
161,pernas,n,0
161,",",",",0
161,igual,adj,0
161,a,prp,0
161,um,art,0
161,daqueles,n,0
161,antigos,adj,0
161,Pic-up,n,0
161,Bandeirantes,adj,0
161,em,prp,0
161,ponto,n,0
161,morto,adj,0
161,.,.,0
162,O,art,0
162,Binha,prop,0
162,",",",",0
162,que,pron-indp,0
162,hoje,adv,0
162,pesa,v-fin,0
162,mais,pron-det,0
162,de,prp,0
162,cem,num,0
162,quilos,n,0
162,",",",",0
162,um,num,0
162,dia,n,0
162,",",",",0
162,quando,adv,0
162,criança,prop,0
162,",",",",0
162,quase,adv,0
162,morreu,v-fin,0
162,",",",",0
162,adoeceu,v-fin,0
162,e,conj-c,0
162,chegou,v-fin,0
162,a,prp,0
162,ser,v-inf,0
162,desenganado,v-pcp,0
162,pelos,n,0
162,médicos,adj,0
162,.,.,0
163,Na,prop,0
163,época,n,0
163,de,prp,0
163,sua,pron-det,0
163,doença,n,0
163,",",",",0
163,vovó,prop,0
163,",",",",0
163,que,pron-indp,0
163,não,adv,0
163,desistiu,v-fin,0
163,do,adv,0
163,neto,adj,0
163,",",",",0
163,disse,v-fin,0
163,à,prop,0
163,nossa,pron-det,0
163,mãe,n,0
163,:,v-fin,0
163,“,adj,0
163,Traga,v-inf,0
163,o,art,0
163,menino,n,0
163,para,prp,0
163,morrer,v-inf,0
163,em,prp,0
163,casa,n,0
163,!,!,0
163,”,v-fin,0
163,Quando,v-ger,0
163,o,art,0
163,moleque,n,0
163,desnutrido,v-pcp,0
163,e,conj-c,0
163,amarelado,v-pcp,0
163,chegou,v-fin,0
163,do,n,0
163,hospital,adj,0
163,",",",",0
163,ninguém,pron-indp,0
163,acreditava,v-fin,0
163,que,conj-s,0
163,fosse,v-fin,0
163,“,adj,0
163,escapar,v-inf,0
163,”,prop,0
163,.,.,0
164,Minha,prop,0
164,avó,v-fin,0
164,operou,v-fin,0
164,milagre,n,0
164,com,prp,0
164,todo,pron-det,0
164,um,art,0
164,cabedal,n,0
164,de,prp,0
164,mandingas,n,0
164,",",",",0
164,com,prp,0
164,chá,n,0
164,de,prp,0
164,cebola,n,0
164,roxa,adj,0
164,dormida,v-pcp,0
164,no,adv,0
164,sereno,adj,0
164,e,conj-c,0
164,cabeça,n,0
164,de,prp,0
164,galo,prop,0
164,-,-,0
164,espécie,prop,0
164,de,prp,0
164,caldo,n,0
164,feito,v-pcp,0
164,com,prp,0
164,ovo,prop,0
164,e,conj-c,0
164,farinha,prop,0
164,-,-,0
164,salvou,v-fin,0
164,o,art,0
164,negão.Bidoca,n,0
164,era,v-fin,0
164,a,art,0
164,mais,adv,0
164,tranquila,adj,0
164,do,v-fin,0
164,grupo,n,0
164,e,conj-c,0
164,",",",",0
164,de,prp,0
164,certa,pron-det,0
164,forma,n,0
164,",",",",0
164,ajudava,v-fin,0
164,a,prp,0
164,pastorar,v-inf,0
164,o,art,0
164,resto,n,0
164,do,v-fin,0
164,bando,v-ger,0
164,.,.,0
165,O,art,0
165,Dando,prop,0
165,tinha,v-fin,0
165,a,prp,0
165,língua,n,0
165,presa,adj,0
165,",",",",0
165,a,art,0
165,Lerita,n,0
165,era,v-fin,0
165,",",",",0
165,e,conj-c,0
165,ainda,adv,0
165,hoje,adv,0
165,é,v-fin,0
165,",",",",0
165,a,art,0
165,ﬁ,prop,0
165,gura,v-fin,0
165,mais,adv,0
165,linda,adj,0
165,da,n,0
165,família,n,0
165,-,-,0
165,a,art,0
165,mulher,n,0
165,é,v-fin,0
165,bonita,adj,0
165,de,prp,0
165,nascença,n,0
165,.,.,0
166,O,art,0
166,Nido,n,0
166,",",",",0
166,meu,pron-det,0
166,aﬁ,n,0
166,lhado,v-pcp,0
166,",",",",0
166,sempre,adv,0
166,foi,v-fin,0
166,preguiçoso,adj,0
166,.,.,0
167,O,art,0
167,Cabelo,n,0
167,",",",",0
167,calado,v-pcp,0
167,e,conj-c,0
167,risonho,adj,0
167,",",",",0
167,Prisca,prop,0
167,",",",",0
167,que,pron-indp,0
167,não,adv,0
167,nega,v-fin,0
167,o,art,0
167,nome,n,0
167,",",",",0
167,completamente,adv,0
167,espevitada,v-pcp,0
167,",",",",0
167,Candolina,prop,0
167,",",",",0
167,a,art,0
167,mimada,n,0
167,",",",",0
167,acabou,v-fin,0
167,fazendo,v-ger,0
167,opção,n,0
167,de,prp,0
167,seguir,v-inf,0
167,carreira,n,0
167,religiosa,adj,0
167,",",",",0
167,atualmente,adv,0
167,está,v-fin,0
167,meio,adj,0
167,em,prp,0
167,dúvida,n,0
167,se,pron-pers,0
167,que,conj-s,0
167,mesmo,adv,0
167,ser,v-inf,0
167,freira,adj,0
167,.,.,0
168,E,prop,0
168,",",",",0
168,para,prp,0
168,concluir,v-inf,0
168,a,art,0
168,apresentação,n,0
168,",",",",0
168,temos,v-fin,0
168,Kiko,prop,0
168,",",",",0
168,o,art,0
168,mais,adv,0
168,jovem,adj,0
168,dos,v-pcp,0
168,homens,n,0
168,",",",",0
168,que,pron-indp,0
168,sempre,adv,0
168,foi,v-fin,0
168,meio,adj,0
168,molão,n,0
168,e,conj-c,0
168,protegido,v-pcp,0
168,pelos,n,0
168,demais,adj,0
168,.,.,0
169,E,prop,0
169,",",",",0
169,ainda,adv,0
169,",",",",0
169,o,art,0
169,Marcelão,n,0
169,",",",",0
169,um,art,0
169,ano,n,0
169,mais,adv,0
169,velho,adj,0
169,do,v-fin,0
169,que,conj-s,0
169,eu,pron-pers,0
169,",",",",0
169,e,conj-c,0
169,irmão,n,0
169,de,prp,0
169,Tia,n,0
169,Branca,adj,0
169,",",",",0
169,sujeito,v-pcp,0
169,sisudo,adj,0
169,",",",",0
169,portador,adj,0
169,de,prp,0
169,muita,pron-det,0
169,força,n,0
169,física,adj,0
169,e,conj-c,0
169,pouco,adv,0
169,humor,prop,0
169,",",",",0
169,que,pron-indp,0
169,vovó,v-fin,0
169,assumiu,v-fin,0
169,a,prp,0
169,maternidade.Em,prop,0
169,dois,num,0
169,terrenos,n,0
169,existiam,v-fin,0
169,três,num,0
169,casas,n,0
169,.,.,0
170,De,v-fin,0
170,um,art,0
170,lado,n,0
170,da,adj,0
170,rua,n,0
170,",",",",0
170,no,n,0
170,quintal,adj,0
170,onde,adv,0
170,ﬁ,prop,0
170,cava,v-fin,0
170,o,art,0
170,pé,n,0
170,de,prp,0
170,tangerina,n,0
170,estéril,pp,0
170,",",",",0
170,era,v-fin,0
170,a,art,0
170,casa,n,0
170,de,prp,0
170,meus,pron-det,0
170,avós,n,0
170,.,.,0
171,Nos,adv,0
171,fundos,n,0
171,desta,adj,0
171,",",",",0
171,estava,v-fin,0
171,a,prp,0
171,do,v-inf,0
171,Tio,n,0
171,Mandu,adj,0
171,e,conj-c,0
171,Tia,adj,0
171,Branca,adj,0
171,",",",",0
171,do,v-fin,0
171,outro,pron-det,0
171,lado,n,0
171,da,adj,0
171,rua,v-fin,0
171,ﬁ,prop,0
171,cava,v-fin,0
171,a,prp,0
171,casa,n,0
171,da,adj,0
171,Tia,adj,0
171,Pilá,adj,0
171,e,conj-c,0
171,do,adj,0
171,Tio,n,0
171,Jotão,adj,0
171,.,.,0
172,Quase,n,0
172,de,prp,0
172,frente,n,0
172,à,adv,0
172,igreja,v-fin,0
172,localizava-se,n,0
172,a,pron-pers,0
172,moradia,n,0
172,da,v-fin,0
172,Tia,prop,0
172,Nega,v-fin,0
172,",",",",0
172,e,conj-c,0
172,a,art,0
172,residência,n,0
172,da,adj,0
172,Tia,v-fin,0
172,Cheirosa,adj,0
172,era,v-fin,0
172,na,adj,0
172,rua,n,0
172,de,prp,0
172,trás,prop,0
172,",",",",0
172,próximo,adj,0
172,ao,prp,0
172,Campo,v-inf,0
172,do,n,0
172,Jurema.Vocês,adj,0
172,lembram,v-fin,0
172,quando,adv,0
172,lhes,pron-pers,0
172,falei,v-fin,0
172,que,conj-s,0
172,tínhamos,v-fin,0
172,uma,art,0
172,forte,adj,0
172,referência,n,0
172,comunitária,adj,0
172,",",",",0
172,pois,conj-s,0
172,bem,adv,0
172,",",",",0
172,o,art,0
172,encanamento,n,0
172,da,adj,0
172,água,n,0
172,potável,adj,0
172,das,v-pcp,0
172,casas,adj,0
172,da,v-fin,0
172,Rua,n,0
172,Nossa,conj-c,0
172,Senhora,n,0
172,dos,v-pcp,0
172,Navegantes,adj,0
172,fomos,v-fin,0
172,nós,pron-pers,0
172,",",",",0
172,os,art,0
172,moradores,n,0
172,",",",",0
172,que,pron-indp,0
172,ﬁ,v-fin,0
172,zemos,v-inf,0
172,com,prp,0
172,nossas,pron-det,0
172,próprias,adj,0
172,mãos.Não,n,0
172,tínhamos,v-fin,0
172,água,n,0
172,encanada,v-pcp,0
172,e,conj-c,0
172,",",",",0
172,para,prp,0
172,piorar,v-inf,0
172,a,art,0
172,situação,n,0
172,",",",",0
172,o,art,0
172,ﬂ,n,0
172,uido,v-pcp,0
172,que,conj-s,0
172,saía,v-fin,0
172,dos,v-pcp,0
172,poços,n,0
172,era,v-fin,0
172,amarelado,v-pcp,0
172,",",",",0
172,fedorento,n,0
172,e,conj-c,0
172,salobro,n,0
172,",",",",0
172,sem,prp,0
172,condições,n,0
172,até,prp,0
172,mesmo,adv,0
172,para,prp,0
172,consumo,n,0
172,animal,adj,0
172,",",",",0
172,pois,conj-s,0
172,sequer,adv,0
172,os,art,0
172,gatos,n,0
172,ou,conj-c,0
172,os,art,0
172,cães,n,0
172,bebiam,v-fin,0
172,dele,n,0
172,.,.,0
173,Acredito,v-fin,0
173,que,conj-s,0
173,essa,pron-det,0
173,água,n,0
173,era,v-fin,0
173,ruim,adj,0
173,assim,adv,0
173,em,prp,0
173,virtude,n,0
173,da,adj,0
173,proximidade,n,0
173,com,prp,0
173,o,art,0
173,canal,n,0
173,Sarapuí,prop,0
173,.,.,0
174,Nós,prop,0
174,a,prp,0
174,usávamos,prop,0
174,para,prp,0
174,dar,v-inf,0
174,descarga,n,0
174,no,adj,0
174,banheiro,adj,0
174,.,.,0
175,A,art,0
175,água,n,0
175,em,prp,0
175,condições,n,0
175,de,prp,0
175,consumo,n,0
175,",",",",0
175,mais,adv,0
175,próxima,adj,0
175,",",",",0
175,ﬁ,prop,0
175,cava,v-fin,0
175,distante,adv,0
175,um,art,0
175,quilômetro,n,0
175,",",",",0
175,ou,conj-c,0
175,seja,v-fin,0
175,",",",",0
175,do,v-fin,0
175,outro,pron-det,0
175,lado,n,0
175,das,v-pcp,0
175,Três,v-fin,0
175,Pontes,n,0
175,.,.,0
176,O,num,0
176,dia,n,0
176,que,pron-indp,0
176,a,art,0
176,minha,pron-det,0
176,Tia,n,0
176,Pilá,adj,0
176,escolhia,v-fin,0
176,para,prp,0
176,lavar,v-inf,0
176,as,art,0
176,roupas,n,0
176,era,v-fin,0
176,aquele,pron-det,0
176,sacrifício,n,0
176,para,prp,0
176,mim,pron-pers,0
176,e,conj-c,0
176,para,prp,0
176,o,art,0
176,Marcelão.Como,n,0
176,éramos,v-fin,0
176,os,art,0
176,mais,adv,0
176,velhos,adj,0
176,",",",",0
176,e,conj-c,0
176,a,art,0
176,força,n,0
176,física,adj,0
176,dos,v-pcp,0
176,homens,n,0
176,liberava,v-fin,0
176,Bidoca,adv,0
176,para,prp,0
176,ajudar,v-inf,0
176,na,/,0
176,lavagem,n,0
176,dos,v-pcp,0
176,panos,adv,0
176,nos,pron-pers,0
176,dias,n,0
176,mais,adv,0
176,puxados,v-pcp,0
176,",",",",0
176,isto,pron-indp,0
176,é,v-fin,0
176,",",",",0
176,com,prp,0
176,muita,pron-det,0
176,roupa,n,0
176,suja,adj,0
176,",",",",0
176,nos,pron-pers,0
176,obrigava,v-fin,0
176,a,prp,0
176,fazer,v-inf,0
176,",",",",0
176,cada,pron-det,0
176,um,pron-det,0
176,",",",",0
176,de,prp,0
176,duas,num,0
176,a,prp,0
176,três,num,0
176,viagens,n,0
176,por,prp,0
176,dia,n,0
176,.,.,0
177,Trazíamos,v-fin,0
177,a,prp,0
177,água,n,0
177,em,prp,0
177,rolas,n,0
177,–,adj,0
177,nome,n,0
177,dado,v-pcp,0
177,a,prp,0
177,barris,prop,0
177,de,prp,0
177,vinho,n,0
177,com,prp,0
177,capacidade,n,0
177,para,prp,0
177,cem,num,0
177,litros,n,0
177,e,conj-c,0
177,que,pron-indp,0
177,era,v-fin,0
177,complementado,v-pcp,0
177,com,prp,0
177,um,art,0
177,aparato,n,0
177,que,pron-indp,0
177,ajudava,v-fin,0
177,a,prp,0
177,reduzir,v-inf,0
177,seu,pron-det,0
177,atrito,n,0
177,com,prp,0
177,o,art,0
177,chão,n,0
177,.,.,0
178,Os,art,0
178,barris,n,0
178,eram,v-fin,0
178,completados,v-pcp,0
178,por,prp,0
178,duas,num,0
178,rodas,n,0
178,de,prp,0
178,borrachas,n,0
178,equidistantes,adj,0
178,e,conj-c,0
178,ajustados,v-pcp,0
178,em,prp,0
178,sua,pron-det,0
178,parte,n,0
178,central,adj,0
178,e,conj-c,0
178,",",",",0
178,ainda,adv,0
178,",",",",0
178,com,prp,0
178,ferros,n,0
178,nas,adj,0
178,laterais,adj,0
178,que,pron-indp,0
178,possibilitavam,v-fin,0
178,serem,v-inf,0
178,eles,pron-pers,0
178,guiados.Guiávamos,v-fin,0
178,os,art,0
178,rolas,n,0
178,como,adv,0
178,se,pron-pers,0
178,fossem,v-fin,0
178,carros,n,0
178,de,prp,0
178,corrida,n,0
178,",",",",0
178,brincávamos,v-fin,0
178,a,art,0
178,viagem,n,0
178,toda,pron-det,0
178,",",",",0
178,era,v-fin,0
178,uma,art,0
178,verdadeira,adj,0
178,curtição,n,0
178,.,.,0
179,Às,prop,0
179,vezes,n,0
179,",",",",0
179,a,art,0
179,tampa,n,0
179,de,prp,0
179,um,art,0
179,dos,n,0
179,barris,adj,0
179,soltava,v-fin,0
179,",",",",0
179,e,conj-c,0
179,perdíamos,v-fin,0
179,o,art,0
179,valioso,adj,0
179,liquido,v-pcp,0
179,o,pron-det,0
179,que,pron-indp,0
179,acarretava,v-fin,0
179,mais,adv,0
179,viagens.A,adj,0
179,associação,n,0
179,de,prp,0
179,moradores,n,0
179,",",",",0
179,ou,conj-c,0
179,melhor,adv,0
179,",",",",0
179,a,art,0
179,União,n,0
179,dos,v-pcp,0
179,Moradores,adj,0
179,do,adj,0
179,Noia,prop,0
179,",",",",0
179,cuja,pron-det,0
179,sede,n,0
179,ﬁ,adj,0
179,cava,v-fin,0
179,num,adv,0
179,terreno,n,0
179,antes,adv,0
179,de,prp,0
179,propriedade,n,0
179,do,adj,0
179,Tio,v-fin,0
179,Jotão,adv,0
179,e,conj-c,0
179,que,pron-indp,0
179,fora,v-fin,0
179,doado,v-pcp,0
179,pela,n,0
179,sua,pron-det,0
179,esposa,adj,0
179,Pilá,n,0
179,",",",",0
179,tinha,v-fin,0
179,seu,pron-det,0
179,Isidro,n,0
179,",",",",0
179,meu,pron-det,0
179,avô,n,0
179,",",",",0
179,como,adv,0
179,presidente,n,0
179,",",",",0
179,que,pron-indp,0
179,",",",",0
179,diante,adv,0
179,da,v-fin,0
179,diﬁ,adj,0
179,culdade,n,0
179,de,prp,0
179,acesso,n,0
179,à,adv,0
179,água,n,0
179,e,conj-c,0
179,insatisfeitos,n,0
179,com,prp,0
179,o,art,0
179,tratamento,n,0
179,dado,v-pcp,0
179,à,adj,0
179,comunidade,n,0
179,pelos,adj,0
179,órgãos,n,0
179,públicos,adj,0
179,",",",",0
179,organizaram,v-fin,0
179,a,art,0
179,seguinte,adj,0
179,intervenção,n,0
179,:,adj,0
179,fazer,v-inf,0
179,um,art,0
179,gato,n,0
179,–,adj,0
179,furar,v-inf,0
179,o,art,0
179,encanamento,n,0
179,da,v-fin,0
179,distribuidora,n,0
179,de,prp,0
179,água,n,0
179,sem,prp,0
179,autorização,n,0
179,legal,adj,0
179,–,adj,0
179,na,adj,0
179,tubulação,n,0
179,de,prp,0
179,água,n,0
179,potável,adj,0
179,da,v-fin,0
179,empresa,n,0
179,de,prp,0
179,saneamento,n,0
179,do,v-fin,0
179,Estado,v-pcp,0
179,e,conj-c,0
179,distribuí-la,v-fin,0
179,para,prp,0
179,todas,pron-det,0
179,as,art,0
179,residências,n,0
179,.,.,0
180,Os,art,0
180,moradores,n,0
180,acataram,v-fin,0
180,a,art,0
180,ideia,n,0
180,e,conj-c,0
180,se,pron-pers,0
180,reuniram,v-fin,0
180,para,prp,0
180,comprar,v-inf,0
180,canos,n,0
180,",",",",0
180,conexões,n,0
180,e,conj-c,0
180,demais,pron-det,0
180,acessórios,n,0
180,necessários,adj,0
180,para,prp,0
180,tal,pron-det,0
180,operação.Vale,n,0
180,destacar,v-inf,0
180,a,art,0
180,importância,n,0
180,do,adj,0
180,Tio,adj,0
180,Jotão,adj,0
180,nesse,adj,0
180,episódio,n,0
180,.,.,0
181,O,art,0
181,danado,n,0
181,liderou,v-fin,0
181,o,art,0
181,grupo,n,0
181,na,adj,0
181,escavação,n,0
181,e,conj-c,0
181,",",",",0
181,ainda,adv,0
181,por,prp,0
181,cima,prop,0
181,",",",",0
181,emprestou,v-fin,0
181,dinheiro,n,0
181,para,prp,0
181,que,conj-s,0
181,a,art,0
181,associação,n,0
181,comprasse,v-fin,0
181,o,art,0
181,material,n,0
181,necessário,adj,0
181,.,.,0
182,Com,v-fin,0
182,a,art,0
182,ajuda,n,0
182,de,prp,0
182,um,art,0
182,técnico,n,0
182,da,adj,0
182,Companhia,n,0
182,de,prp,0
182,Água,n,0
182,e,conj-c,0
182,Esgoto,n,0
182,do,adj,0
182,Rio,prop,0
182,de,prp,0
182,Janeiro,prop,0
182,",",",",0
182,furamos,v-fin,0
182,o,art,0
182,cano,n,0
182,da,v-fin,0
182,adutora,n,0
182,que,pron-indp,0
182,passava,v-fin,0
182,na,adv,0
182,Avenida,n,0
182,Automóvel,adj,0
182,Clube,prop,0
182,",",",",0
182,colocamos,v-fin,0
182,um,art,0
182,registro,n,0
182,e,conj-c,0
182,descemos,v-fin,0
182,a,art,0
182,encanação,n,0
182,para,prp,0
182,todas,pron-det,0
182,as,art,0
182,casas,n,0
182,do,v-fin,0
182,bairro.A,n,0
182,noite,n,0
182,da,adj,0
182,instalação,n,0
182,foi,v-fin,0
182,honrosa,adj,0
182,",",",",0
182,me,pron-pers,0
182,senti,v-fin,0
182,gente,n,0
182,pela,adj,0
182,primeira,adj,0
182,vez,n,0
182,na,adv,0
182,vida,n,0
182,.,.,0
183,A,art,0
183,alegria,n,0
183,demonstrada,v-pcp,0
183,na,adv,0
183,ﬁ,adj,0
183,sionomia,n,0
183,de,prp,0
183,cada,pron-det,0
183,morador,n,0
183,",",",",0
183,quando,adv,0
183,abria,v-fin,0
183,a,art,0
183,torneira,n,0
183,e,conj-c,0
183,via,n,0
183,gotas,n,0
183,pingarem,v-fin,0
183,e,conj-c,0
183,inundarem,v-inf,0
183,o,art,0
183,seu,pron-det,0
183,quintal,n,0
183,",",",",0
183,era,v-fin,0
183,de,prp,0
183,uma,art,0
183,expressão,n,0
183,tão,adv,0
183,forte,adj,0
183,que,conj-s,0
183,nos,pron-pers,0
183,fazia,v-fin,0
183,pensar,v-inf,0
183,",",",",0
183,ingenuamente,adv,0
183,",",",",0
183,que,conj-s,0
183,não,adv,0
183,existiria,v-fin,0
183,mais,adv,0
183,em,prp,0
183,nenhum,pron-det,0
183,lugar,n,0
183,do,v-fin,0
183,mundo,n,0
183,qualquer,pron-det,0
183,tipo,n,0
183,de,prp,0
183,sede.Esse,n,0
183,evento,adj,0
183,faz-me,v-fin,0
183,lembrar,v-inf,0
183,de,prp,0
183,uma,art,0
183,passagem,n,0
183,bíblica,adj,0
183,",",",",0
183,o,art,0
183,capítulo,n,0
183,quarto,adj,0
183,do,v-fin,0
183,evangelho,n,0
183,de,prp,0
183,João,prop,0
183,",",",",0
183,quando,adv,0
183,Jesus,prop,0
183,",",",",0
183,no,prp,0
183,meio,adj,0
183,do,n,0
183,cansaço,v-fin,0
183,do,num,0
183,dia,n,0
183,",",",",0
183,se,pron-pers,0
183,encontra,v-fin,0
183,com,prp,0
183,a,art,0
183,samaritana,prop,0
183,–,v-fin,0
183,os,art,0
183,samaritanos,n,0
183,eram,v-fin,0
183,considerados,v-pcp,0
183,povo,n,0
183,de,prp,0
183,segunda,adj,0
183,classe,n,0
183,pelos,adj,0
183,judeus,adj,0
183,–,adj,0
183,pede,v-fin,0
183,água,n,0
183,",",",",0
183,e,conj-c,0
183,diante,adv,0
183,da,v-fin,0
183,admiração,n,0
183,e,conj-c,0
183,surpresa,n,0
183,da,v-fin,0
183,mulher,n,0
183,que,pron-indp,0
183,diz,v-fin,0
183,:,prop,0
183,“,adv,0
183,Como,adv,0
183,pode,v-fin,0
183,o,art,0
183,ﬁ,n,0
183,lho,adj,0
183,de,prp,0
183,Deus,prop,0
183,me,pron-pers,0
183,pedir,v-inf,0
183,água,n,0
183,?,?,0
183,”,v-fin,0
183,Jesus,prop,0
183,responde,v-fin,0
183,",",",",0
183,para,prp,0
183,surpresa,n,0
183,da,adj,0
183,mentalidade,n,0
183,machista,adj,0
183,e,conj-c,0
183,da,adj,0
183,xenofobia,adj,0
183,da,adj,0
183,época,n,0
183,:,prop,0
183,“,v-fin,0
183,Se,conj-s,0
183,você,pron-pers,0
183,beber,v-fin,0
183,a,prp,0
183,água,n,0
183,que,pron-indp,0
183,mora,v-fin,0
183,em,prp,0
183,mim,pron-pers,0
183,",",",",0
183,nunca,adv,0
183,mais,adv,0
183,sentirá,v-fin,0
183,sede.,n,0
183,”,adj,0
183,Nós,prop,0
183,",",",",0
183,do,v-fin,0
183,Noia,prop,0
183,",",",",0
183,ﬁ,prop,0
183,camos,v-fin,0
183,alguns,pron-det,0
183,anos,n,0
183,desobrigados,v-pcp,0
183,de,prp,0
183,pagar,v-inf,0
183,uma,art,0
183,gota,n,0
183,sequer,adv,0
183,desse,v-fin,0
183,líquido,v-pcp,0
183,precioso,adj,0
183,.,.,0
184,Naquele,num,0
184,dia,n,0
184,",",",",0
184,tomei,v-fin,0
184,banho,n,0
184,de,prp,0
184,madrugada,n,0
184,",",",",0
184,molhei-me,n,0
184,bastante,adv,0
184,",",",",0
184,sonhando,v-ger,0
184,com,prp,0
184,um,art,0
184,chuveiro,n,0
184,",",",",0
184,promessa,n,0
184,de,prp,0
184,meu,pron-det,0
184,avô,n,0
184,para,prp,0
184,quando,adv,0
184,a,art,0
184,tão,adv,0
184,esperada,v-pcp,0
184,água,n,0
184,chegasse,v-fin,0
184,.,.,0
185,Lembro,n,0
185,até,prp,0
185,hoje,adv,0
185,",",",",0
185,e,conj-c,0
185,jamais,adv,0
185,esquecerei,v-fin,0
185,",",",",0
185,o,art,0
185,dia,n,0
185,que,pron-indp,0
185,tomei,v-fin,0
185,o,art,0
185,primeiro,adj,0
185,banho,n,0
185,de,prp,0
185,chuveiro,n,0
185,lá,adv,0
185,em,prp,0
185,casa,n,0
185,.,.,0
186,Pois,prop,0
186,é,v-fin,0
186,",",",",0
186,não,adv,0
186,lembro,v-fin,0
186,bem,adv,0
186,meu,pron-det,0
186,primeiro,adj,0
186,banho,n,0
186,de,prp,0
186,banheira,n,0
186,com,prp,0
186,hidromassagem,n,0
186,",",",",0
186,está,v-fin,0
186,mais,adv,0
186,forte,adj,0
186,em,prp,0
186,minha,pron-det,0
186,lembrança,n,0
186,o,pron-pers,0
186,dia,n,0
186,em,prp,0
186,que,pron-indp,0
186,inaugurei,v-fin,0
186,o,art,0
186,chuveiro,n,0
186,do,v-fin,0
186,banheiro,n,0
186,da,v-fin,0
186,minha,pron-det,0
186,casa,n,0
186,do,v-fin,0
186,Noia,prop,0
186,.,.,0
187,Mas,prop,0
187,",",",",0
187,mesmo,adv,0
187,a,art,0
187,água,n,0
187,em,prp,0
187,abundância,n,0
187,nem,conj-c,0
187,sempre,adv,0
187,traz,v-fin,0
187,boas,adj,0
187,recordações,n,0
187,para,prp,0
187,nós,pron-pers,0
187,.,.,0
188,Quando,v-ger,0
188,chovia,v-fin,0
188,forte,n,0
188,",",",",0
188,principalmente,adv,0
188,nos,pron-pers,0
188,primeiros,adj,0
188,meses,n,0
188,do,adj,0
188,ano,n,0
188,",",",",0
188,o,art,0
188,nojento,n,0
188,rio,adj,0
188,Sarapuí,prop,0
188,transbordava,v-fin,0
188,e,conj-c,0
188,jogava,v-fin,0
188,sua,pron-det,0
188,imundície,n,0
188,em,prp,0
188,nossas,pron-det,0
188,casas,n,0
188,.,.,0
189,Era,v-fin,0
189,um,art,0
189,verdadeiro,adj,0
189,sufoco,n,0
189,",",",",0
189,pois,conj-s,0
189,tínhamos,v-fin,0
189,que,conj-s,0
189,colocar,v-inf,0
189,os,art,0
189,móveis,n,0
189,em,prp,0
189,cima,n,0
189,de,prp,0
189,outros,pron-det,0
189,",",",",0
189,subir,v-inf,0
189,de,prp,0
189,alguma,pron-det,0
189,maneira,n,0
189,as,art,0
189,roupas,n,0
189,",",",",0
189,mantimentos,n,0
189,",",",",0
189,eletrodomésticos,adj,0
189,e,conj-c,0
189,demais,adj,0
189,utensílios,n,0
189,sem,prp,0
189,resistência,n,0
189,à,adj,0
189,água,n,0
189,.,.,0
190,Quando,v-ger,0
190,esse,pron-det,0
190,fenômeno,n,0
190,ocorria,v-fin,0
190,durante,prp,0
190,a,art,0
190,noite,n,0
190,",",",",0
190,os,art,0
190,problemas,n,0
190,se,pron-pers,0
190,agravavam,v-fin,0
190,.,.,0
191,Em,n,0
191,geral,adj,0
191,",",",",0
191,todas,pron-det,0
191,as,art,0
191,pessoas,n,0
191,que,pron-indp,0
191,moravam,v-fin,0
191,nas,adj,0
191,casas,n,0
191,mais,adv,0
191,baixas,adj,0
191,abrigavam-se,v-fin,0
191,na,pron-pers,0
191,casa,n,0
191,da,adj,0
191,Dona,v-fin,0
191,Clarice,n,0
191,ou,conj-c,0
191,na,n,0
191,residência,n,0
191,da,adj,0
191,Tia,prop,0
191,Nega,v-fin,0
191,.,.,0
192,Essas,prop,0
192,eram,v-fin,0
192,as,art,0
192,duas,num,0
192,residências,n,0
192,mais,adv,0
192,altas,adj,0
192,da,v-fin,0
192,nossa,pron-det,0
192,quebrada.No,num,0
192,dia,n,0
192,seguinte,adj,0
192,",",",",0
192,era,v-fin,0
192,aquele,pron-det,0
192,lamaçal,n,0
192,",",",",0
192,lixo,n,0
192,por,prp,0
192,todo,pron-det,0
192,canto,n,0
192,",",",",0
192,restos,n,0
192,de,prp,0
192,animais,n,0
192,mortos,adj,0
192,pelo,adj,0
192,quintal,adj,0
192,",",",",0
192,ratos,n,0
192,e,conj-c,0
192,insetos,n,0
192,circulando,v-ger,0
192,pela,n,0
192,lixarada.A,adj,0
192,gurizada,v-pcp,0
192,curtia,n,0
192,esse,pron-det,0
192,estado,n,0
192,de,prp,0
192,guerra,n,0
192,",",",",0
192,iam,v-fin,0
192,tomar,v-inf,0
192,banho,n,0
192,no,adj,0
192,rio,adj,0
192,cheio,adj,0
192,",",",",0
192,o,pron-det,0
192,que,pron-indp,0
192,mascarava,v-fin,0
192,a,art,0
192,sua,pron-det,0
192,sujeira,n,0
192,.,.,0
193,Inventávamos,v-fin,0
193,esportes,n,0
193,aquáticos,adj,0
193,e,conj-c,0
193,fantasiávamos,v-fin,0
193,embarcações,n,0
193,ﬁ,adj,0
193,ctícias,n,0
193,em,prp,0
193,mares,n,0
193,bravios,adj,0
193,",",",",0
193,repletos,n,0
193,de,prp,0
193,piratas,n,0
193,e,conj-c,0
193,donzelas,n,0
193,indefesas,adj,0
193,.,.,0
194,Um,num,0
194,dos,n,0
194,nossos,pron-det,0
194,brinquedos,v-pcp,0
194,prediletos,n,0
194,era,v-fin,0
194,pegar,v-inf,0
194,um,art,0
194,simples,adj,0
194,pedaço,n,0
194,de,prp,0
194,tábua,n,0
194,amarrada,v-pcp,0
194,pelas,pron-det,0
194,extremidades,n,0
194,com,prp,0
194,barbante,n,0
194,",",",",0
194,jogá-lo,prop,0
194,na,pron-pers,0
194,correnteza,n,0
194,e,conj-c,0
194,ﬁ,v-fin,0
194,car,v-inf,0
194,controlando,v-ger,0
194,",",",",0
194,como,adv,0
194,se,pron-pers,0
194,fosse,v-fin,0
194,uma,art,0
194,embarcação,n,0
194,necessitando,v-ger,0
194,de,prp,0
194,um,art,0
194,hábil,n,0
194,timoneiro,adj,0
194,.,.,0
195,O,num,0
195,dia,n,0
195,de,prp,0
195,chuva,n,0
195,pesada,v-pcp,0
195,no,adv,0
195,Noia,v-fin,0
195,nos,pron-pers,0
195,traz,v-fin,0
195,a,art,0
195,realidade,n,0
195,descrita,adj,0
195,pelo,adj,0
195,grupo,n,0
195,Nação,n,0
195,Zumbi,adj,0
195,",",",",0
195,na,conj-c,0
195,música,n,0
195,Quando,v-ger,0
195,a,art,0
195,maré,n,0
195,encher,prop,0
195,:,prop,0
195,“,v-fin,0
195,Cachorro,n,0
195,",",",",0
195,gato,n,0
195,",",",",0
195,galinha,prop,0
195,",",",",0
195,bicho,n,0
195,de,prp,0
195,pé/e,n,0
195,a,art,0
195,população,n,0
195,real/convive,v-fin,0
195,em,prp,0
195,harmonia,n,0
195,normal/faz,adj,0
195,parte,n,0
195,do,v-fin,0
195,dia-adia/banheiro,n,0
195,",",",",0
195,cama,prop,0
195,",",",",0
195,cozinha,v-fin,0
195,no,pron-pers,0
195,chão/esperança,n,0
195,",",",",0
195,fé,n,0
195,em,prp,0
195,Deus,prop,0
195,",",",",0
195,Ilusão/tomar,v-inf,0
195,banho,n,0
195,de,prp,0
195,canal/quando,v-ger,0
195,a,art,0
195,maré,n,0
195,encher,adj,0
195,”,prop,0
195,.,.,0
196,Em,prop,0
196,meio,n,0
196,a,prp,0
196,tanta,adj,0
196,impossibilidade,n,0
196,de,prp,0
196,higiene,n,0
196,",",",",0
196,não,adv,0
196,seria,v-fin,0
196,estranho,adj,0
196,entender,v-inf,0
196,minhas,pron-det,0
196,constantes,n,0
196,crises,n,0
196,de,prp,0
196,bronquite,n,0
196,asmática,adj,0
196,e,conj-c,0
196,tudo,pron-indp,0
196,quanto,pron-det,0
196,é,v-fin,0
196,doença,n,0
196,comum,adj,0
196,a,prp,0
196,todos,pron-det,0
196,do,n,0
196,Noia,adj,0
196,.,.,0
197,Lembro,n,0
197,certa,pron-det,0
197,vez,n,0
197,",",",",0
197,já,adv,0
197,na,v-fin,0
197,adolescência,n,0
197,",",",",0
197,quando,adv,0
197,contraí,v-fin,0
197,uma,art,0
197,micose,n,0
197,que,pron-indp,0
197,me,pron-pers,0
197,fez,v-fin,0
197,perder,v-inf,0
197,todos,pron-det,0
197,os,art,0
197,pelos,n,0
197,do,adj,0
197,corpo,n,0
197,.,.,0
198,Fui,v-fin,0
198,sempre,adv,0
198,moleque,adv,0
198,magrelo,prop,0
198,",",",",0
198,comprido,v-pcp,0
198,",",",",0
198,cheio,adj,0
198,de,prp,0
198,lombriga,n,0
198,no,adj,0
198,bucho,adj,0
198,e,conj-c,0
198,portador,adj,0
198,de,prp,0
198,dois,num,0
198,olhos,n,0
198,bem,adv,0
198,arregalados,v-pcp,0
198,.,.,0
199,A,art,0
199,verminose,n,0
199,mencionada,v-pcp,0
199,",",",",0
199,inclusive,adv,0
199,",",",",0
199,acompanhou-me,v-fin,0
199,durante,prp,0
199,parte,n,0
199,da,adj,0
199,adolescência,v-fin,0
199,como,adv,0
199,um,art,0
199,dos,n,0
199,apelidos,v-pcp,0
199,prediletos,adv,0
199,dirigidos,v-pcp,0
199,à,adv,0
199,minha,pron-det,0
199,pessoa,n,0
199,pelo,adj,0
199,resto,v-pcp,0
199,dos,v-pcp,0
199,pivetes.Para,v-fin,0
199,a,art,0
199,molecada,n,0
199,do,adj,0
199,sexo,n,0
199,masculino,adj,0
199,",",",",0
199,a,art,0
199,diversão,n,0
199,principal,adj,0
199,era,v-fin,0
199,jogar,v-inf,0
199,futebol,n,0
199,e,conj-c,0
199,",",",",0
199,nos,pron-pers,0
199,meses,n,0
199,de,prp,0
199,férias,n,0
199,escolares,adj,0
199,",",",",0
199,soltar,v-inf,0
199,pipa,prop,0
199,.,.,0
200,As,prop,0
200,meninas,n,0
200,pré-adolescentes,adj,0
200,e,conj-c,0
200,adolescentes,adj,0
200,não,adv,0
200,se,pron-pers,0
200,interessavam,v-fin,0
200,muito,adv,0
200,pelas,adj,0
200,brincadeiras,n,0
200,dos,v-pcp,0
200,moleques,adv,0
200,",",",",0
200,creio,v-fin,0
200,que,conj-s,0
200,por,prp,0
200,serem,v-inf,0
200,sempre,adv,0
200,no,adj,0
200,meio,adj,0
200,da,adj,0
200,rua,n,0
200,e,conj-c,0
200,",",",",0
200,invariavelmente,adv,0
200,",",",",0
200,no,adv,0
200,sol,v-fin,0
200,quente.A,n,0
200,grande,adj,0
200,exceção,n,0
200,acontecia,v-fin,0
200,no,pron-pers,0
200,futebol,n,0
200,.,.,0
201,As,v-fin,0
201,meninas,n,0
201,tinham,v-fin,0
201,um,art,0
201,time,n,0
201,no,adj,0
201,qual,pron-det,0
201,a,art,0
201,minha,pron-det,0
201,irmã,n,0
201,Bidoca,adj,0
201,",",",",0
201,orgulhosamente,adv,0
201,",",",",0
201,era,v-fin,0
201,uma,art,0
201,das,n,0
201,craques,n,0
201,.,.,0
202,Mas,prop,0
202,",",",",0
202,de,prp,0
202,forma,n,0
202,geral,adj,0
202,",",",",0
202,no,adv,0
202,Noia,prop,0
202,",",",",0
202,as,art,0
202,crianças,n,0
202,do,adj,0
202,sexo,n,0
202,feminino,adj,0
202,brincavam,v-fin,0
202,de,prp,0
202,bonecas,n,0
202,",",",",0
202,de,prp,0
202,casinha,prop,0
202,",",",",0
202,de,prp,0
202,cozinhar,v-inf,0
202,ou,conj-c,0
202,de,prp,0
202,medicina,n,0
202,",",",",0
202,quando,adv,0
202,faziam,v-fin,0
202,cirurgias,n,0
202,em,prp,0
202,grilos,prop,0
202,",",",",0
202,calangos,n,0
202,ou,conj-c,0
202,outros,pron-det,0
202,indefesos,adj,0
202,bichos,n,0
202,encontrados,v-pcp,0
202,nos,pron-pers,0
202,quintais,pron-det,0
202,das,v-pcp,0
202,redondezas.O,v-fin,0
202,nosso,pron-det,0
202,campo,n,0
202,de,prp,0
202,futebol,n,0
202,era,v-fin,0
202,chamado,v-pcp,0
202,de,prp,0
202,Bacia,n,0
202,.,.,0
203,O,art,0
203,nome,n,0
203,foi,v-fin,0
203,atribuído,v-pcp,0
203,ao,prp,0
203,local,n,0
203,em,prp,0
203,virtude,n,0
203,da,adj,0
203,irregularidade,n,0
203,espacial,adj,0
203,do,v-fin,0
203,terreno,n,0
203,.,.,0
204,Um,num,0
204,dos,n,0
204,lados,v-pcp,0
204,maiores,adj,0
204,do,adv,0
204,retângulo,adj,0
204,que,pron-indp,0
204,dava,v-fin,0
204,forma,n,0
204,ao,prp,0
204,Bacia,n,0
204,ladeava,v-fin,0
204,o,art,0
204,rio,n,0
204,Sarapuí,prop,0
204,.,.,0
205,O,art,0
205,outro,pron-det,0
205,lado,n,0
205,maior,adj,0
205,desenhava,v-fin,0
205,fronteira,n,0
205,com,prp,0
205,a,art,0
205,Rua,n,0
205,Nossa,prop,0
205,Senhora,n,0
205,dos,v-pcp,0
205,Navegantes,adj,0
205,",",",",0
205,uma,art,0
205,das,n,0
205,cabeças,n,0
205,deste,v-fin,0
205,campo,n,0
205,formava,v-fin,0
205,divisa,v-fin,0
205,perpendicular,v-inf,0
205,com,prp,0
205,o,art,0
205,Campo,n,0
205,do,v-fin,0
205,Jurema,adj,0
205,e,conj-c,0
205,",",",",0
205,por,prp,0
205,ﬁ,prop,0
205,m,prop,0
205,",",",",0
205,o,art,0
205,outro,pron-det,0
205,lado,n,0
205,margeava,v-fin,0
205,um,art,0
205,pequeno,adj,0
205,canal,n,0
205,que,pron-indp,0
205,desembocava,v-fin,0
205,no,adv,0
205,Sarapuí.Tínhamos,v-fin,0
205,um,art,0
205,time,n,0
205,batizado,v-pcp,0
205,por,prp,0
205,seu,pron-det,0
205,idealizador,n,0
205,de,prp,0
205,Força,n,0
205,Jovem,adj,0
205,",",",",0
205,organizado,v-pcp,0
205,e,conj-c,0
205,dirigido,v-pcp,0
205,pelo,n,0
205,Anão,prop,0
205,.,.,0
206,A,art,0
206,escalação,n,0
206,mais,adv,0
206,comum,adj,0
206,era,v-fin,0
206,:,adj,0
206,Bê,v-inf,0
206,no,adv,0
206,gol,n,0
206,;,;,0
206,Gardelino,n,0
206,na,adj,0
206,lateral,adj,0
206,direita,n,0
206,;,;,0
206,eu,pron-pers,0
206,na,v-fin,0
206,zaga,n,0
206,central,adj,0
206,;,;,0
206,seu,pron-det,0
206,Delão,n,0
206,completando,v-ger,0
206,a,art,0
206,quarta,adj,0
206,zaga,n,0
206,;,;,0
206,na,n,0
206,lateral,adj,0
206,esquerda,adj,0
206,",",",",0
206,atuava,v-fin,0
206,o,art,0
206,Seu,n,0
206,Chico,adj,0
206,;,;,0
206,o,art,0
206,quarteto,n,0
206,de,prp,0
206,meio-de-campo,n,0
206,",",",",0
206,era,v-fin,0
206,formado,v-pcp,0
206,pelo,n,0
206,Pará,prop,0
206,",",",",0
206,Rominha,prop,0
206,",",",",0
206,Jorgito,prop,0
206,e,conj-c,0
206,o,art,0
206,craque,n,0
206,do,v-fin,0
206,time,n,0
206,",",",",0
206,Zé,prop,0
206,Cabeça,v-fin,0
206,;,;,0
206,o,art,0
206,ataque,n,0
206,era,v-fin,0
206,completado,v-pcp,0
206,por,prp,0
206,Azul,adj,0
206,e,conj-c,0
206,Quincão,adj,0
206,.,.,0
207,O,art,0
207,nosso,pron-det,0
207,maior,adj,0
207,rival,n,0
207,era,v-fin,0
207,o,art,0
207,time,n,0
207,do,v-fin,0
207,Dique,adv,0
207,.,.,0
208,Nos,prop,0
208,domingos,v-fin,0
208,desse,n,0
208,clássico,adj,0
208,",",",",0
208,o,art,0
208,campo,n,0
208,ﬁ,prop,0
208,cava,v-fin,0
208,lotado,v-pcp,0
208,por,prp,0
208,parentes,n,0
208,e,conj-c,0
208,amigos,n,0
208,dos,v-pcp,0
208,jogadores,n,0
208,",",",",0
208,curiosos,n,0
208,e,conj-c,0
208,apaixonados,v-pcp,0
208,por,prp,0
208,futebol,n,0
208,.,.,0
209,Na,num,0
209,semana,n,0
209,que,pron-indp,0
209,antecedia,v-fin,0
209,o,art,0
209,jogo,n,0
209,",",",",0
209,podíamos,v-fin,0
209,presenciar,v-inf,0
209,os,art,0
209,animados,n,0
209,comentários,adj,0
209,e,conj-c,0
209,apostas,n,0
209,realizadas,v-pcp,0
209,entre,prp,0
209,as,art,0
209,duas,num,0
209,comunidades,n,0
209,.,.,0
210,Quase,prop,0
210,sempre,adv,0
210,o,art,0
210,seu,pron-det,0
210,Timbu,n,0
210,",",",",0
210,que,pron-indp,0
210,era,v-fin,0
210,pai,n,0
210,do,adj,0
210,Delão,prop,0
210,",",",",0
210,prometia,v-fin,0
210,uma,art,0
210,caixa,n,0
210,de,prp,0
210,cerveja,n,0
210,e,conj-c,0
210,outra,pron-det,0
210,de,prp,0
210,refrigerante,adv,0
210,se,pron-pers,0
210,nós,pron-pers,0
210,derrotássemos,v-fin,0
210,o,art,0
210,adversário,n,0
210,.,.,0
211,Para,v-fin,0
211,quem,pron-indp,0
211,fazia,v-fin,0
211,o,art,0
211,gol,n,0
211,da,adj,0
211,vitória,n,0
211,",",",",0
211,o,art,0
211,grande,adj,0
211,prêmio,n,0
211,era,v-fin,0
211,ﬁ,adj,0
211,car,v-inf,0
211,no,adv,0
211,decorrer,v-inf,0
211,da,adj,0
211,semana,n,0
211,seguinte,adj,0
211,como,adv,0
211,herói,n,0
211,do,adj,0
211,bairro,n,0
211,.,.,0
212,Nossas,pron-det,0
212,pelejas,n,0
212,ocorriam,v-fin,0
212,",",",",0
212,na,adv,0
212,maioria,n,0
212,das,v-pcp,0
212,vezes,n,0
212,",",",",0
212,aos,n,0
212,domingos,adj,0
212,e,conj-c,0
212,sempre,adv,0
212,às,v-fin,0
212,dez,num,0
212,horas,n,0
212,da,v-fin,0
212,manhã,n,0
212,.,.,0
213,No,prop,0
213,verão,v-fin,0
213,",",",",0
213,o,art,0
213,sol,n,0
213,era,v-fin,0
213,de,prp,0
213,pelar,v-inf,0
213,",",",",0
213,mas,conj-c,0
213,o,art,0
213,prazer,n,0
213,de,prp,0
213,defender,v-inf,0
213,as,art,0
213,cores,n,0
213,do,adj,0
213,escrete,v-fin,0
213,alvo,n,0
213,e,conj-c,0
213,rubro,n,0
213,do,v-fin,0
213,Noia,prop,0
213,era,v-fin,0
213,indescritível.Como,adv,0
213,todo,pron-det,0
213,clássico,adj,0
213,que,pron-indp,0
213,se,pron-pers,0
213,preza,v-fin,0
213,",",",",0
213,e,conj-c,0
213,esse,pron-det,0
213,jogo,n,0
213,como,adv,0
213,tal,pron-det,0
213,não,adv,0
213,podia,v-fin,0
213,ser,v-inf,0
213,diferente,adj,0
213,",",",",0
213,não,adv,0
213,existia,v-fin,0
213,favoritismo,n,0
213,.,.,0
214,Durante,adv,0
214,as,art,0
214,partidas,n,0
214,aconteciam,v-fin,0
214,muitas,pron-det,0
214,contusões,n,0
214,e,conj-c,0
214,confusões,n,0
214,que,pron-indp,0
214,desencadeavam,v-fin,0
214,brigas,n,0
214,e,conj-c,0
214,geravam,v-fin,0
214,muitas,pron-det,0
214,expulsões,n,0
214,.,.,0
215,Em,v-fin,0
215,uma,art,0
215,dessas,n,0
215,",",",",0
215,saí,v-fin,0
215,com,prp,0
215,o,art,0
215,braço,n,0
215,fraturado,v-pcp,0
215,e,conj-c,0
215,o,art,0
215,gosto,n,0
215,da,v-fin,0
215,derrota,n,0
215,entalando,v-ger,0
215,minha,pron-det,0
215,garganta,n,0
215,",",",",0
215,que,pron-indp,0
215,acabava,v-fin,0
215,doendo,v-ger,0
215,mais,adv,0
215,que,conj-s,0
215,o,art,0
215,machucado,n,0
215,no,adj,0
215,braço,n,0
215,.,.,0
216,Lembro,n,0
216,que,pron-indp,0
216,o,art,0
216,jogador,n,0
216,que,pron-indp,0
216,mais,adv,0
216,fez,v-fin,0
216,gols,n,0
216,na,adj,0
216,história,n,0
216,desse,v-fin,0
216,confronto,n,0
216,foi,v-fin,0
216,o,art,0
216,Quincão,prop,0
216,",",",",0
216,o,art,0
216,negão,n,0
216,diﬁ,v-fin,0
216,cilmente,adv,0
216,passava,v-fin,0
216,em,prp,0
216,branco,prop,0
216,.,.,0
217,Após,v-fin,0
217,os,art,0
217,jogos,n,0
217,",",",",0
217,independente,adv,0
217,do,v-fin,0
217,resultado,n,0
217,",",",",0
217,íamos,v-fin,0
217,para,prp,0
217,a,art,0
217,bodega,n,0
217,do,v-fin,0
217,seu,pron-det,0
217,Timbu,n,0
217,resenhar,v-inf,0
217,o,art,0
217,jogo,n,0
217,e,conj-c,0
217,beber,v-inf,0
217,alguma,pron-det,0
217,coisa.Meus,n,0
217,caros,adj,0
217,",",",",0
217,o,art,0
217,fato,n,0
217,de,prp,0
217,eu,pron-pers,0
217,não,adv,0
217,ter,v-inf,0
217,sido,v-pcp,0
217,um,art,0
217,jogador,n,0
217,de,prp,0
217,futebol,n,0
217,proﬁ,adj,0
217,ssional,adj,0
217,não,adv,0
217,se,pron-pers,0
217,deu,v-fin,0
217,por,prp,0
217,falta,n,0
217,de,prp,0
217,vontade,n,0
217,ou,conj-c,0
217,ausência,n,0
217,de,prp,0
217,tentativas,n,0
217,.,.,0
218,A,art,0
218,verdade,n,0
218,sobre,prp,0
218,eu,pron-pers,0
218,não,adv,0
218,ter,v-inf,0
218,realizado,v-pcp,0
218,esse,pron-det,0
218,sonho,n,0
218,",",",",0
218,que,pron-indp,0
218,era,v-fin,0
218,meu,pron-det,0
218,e,conj-c,0
218,da,adj,0
218,maioria,n,0
218,dos,v-pcp,0
218,meninos,adv,0
218,do,adj,0
218,Noia,prop,0
218,",",",",0
218,se,pron-pers,0
218,deu,v-fin,0
218,única,adj,0
218,e,conj-c,0
218,exclusivamente,adv,0
218,pela,v-fin,0
218,minha,pron-det,0
218,completa,n,0
218,falta,n,0
218,de,prp,0
218,talento,n,0
218,para,prp,0
218,a,art,0
218,empreitada,n,0
218,.,.,0
219,As,v-fin,0
219,festas,n,0
219,juninas,adj,0
219,constituíam-se,v-fin,0
219,em,prp,0
219,um,art,0
219,momento,n,0
219,de,prp,0
219,valiosa,adj,0
219,socialização,n,0
219,e,conj-c,0
219,iniciação,n,0
219,sexual,adj,0
219,para,prp,0
219,os,art,0
219,adolescentes,n,0
219,do,v-fin,0
219,Jardim,n,0
219,Noia,adj,0
219,.,.,0
220,Nesse,v-fin,0
220,bairro,n,0
220,e,conj-c,0
220,nas,adj,0
220,adjacências,n,0
220,",",",",0
220,moravam,v-fin,0
220,muitos,pron-det,0
220,nordestinos,n,0
220,e,conj-c,0
220,",",",",0
220,desse,v-fin,0
220,modo,n,0
220,",",",",0
220,as,art,0
220,festas,n,0
220,eram,v-fin,0
220,organizadas,v-pcp,0
220,fabulosamente,adv,0
220,",",",",0
220,como,adv,0
220,um,art,0
220,ritual,adj,0
220,para,prp,0
220,preservar,v-inf,0
220,os,art,0
220,costumes,n,0
220,da,v-fin,0
220,terra,n,0
220,distante,adj,0
220,.,.,0
221,Entre,prp,0
221,os,art,0
221,inúmeros,adj,0
221,arraiás,n,0
221,que,pron-indp,0
221,organizávamos,v-fin,0
221,",",",",0
221,gostaria,v-fin,0
221,de,prp,0
221,destacar,v-inf,0
221,o,art,0
221,das,n,0
221,Andorinhas,prop,0
221,",",",",0
221,por,prp,0
221,dois,num,0
221,motivos,n,0
221,:,adj,0
221,primeiro,adj,0
221,",",",",0
221,pela,n,0
221,grande,adj,0
221,importância,n,0
221,que,pron-indp,0
221,teve,v-fin,0
221,em,prp,0
221,minha,pron-det,0
221,vida,n,0
221,particular,adj,0
221,e,conj-c,0
221,",",",",0
221,segundo,prp,0
221,pelo,prop,0
221,seu,pron-det,0
221,ﬁ,n,0
221,nal,adj,0
221,",",",",0
221,cuja,pron-det,0
221,forma,n,0
221,se,pron-pers,0
221,revestiu,v-fin,0
221,em,prp,0
221,tragédia.O,n,0
221,Arraiá,adj,0
221,das,v-pcp,0
221,Andorinhas,n,0
221,tinha,v-fin,0
221,como,adv,0
221,sede,n,0
221,o,art,0
221,quintal,n,0
221,da,adj,0
221,casa,n,0
221,dos,v-pcp,0
221,pais,n,0
221,do,adj,0
221,Lulu,prop,0
221,",",",",0
221,homem,n,0
221,bonito,adj,0
221,",",",",0
221,forte,adj,0
221,",",",",0
221,alto,adj,0
221,e,conj-c,0
221,com,prp,0
221,muitos,pron-det,0
221,pelos,n,0
221,pelo,adj,0
221,corpo,n,0
221,.,.,0
222,Lulu,prop,0
222,era,v-fin,0
222,o,art,0
222,mentor,n,0
222,e,conj-c,0
222,organizador,n,0
222,da,adj,0
222,quadrilha,n,0
222,",",",",0
222,merecedor,n,0
222,de,prp,0
222,grande,adj,0
222,conﬁ,n,0
222,ança,v-fin,0
222,da,adj,0
222,comunidade,n,0
222,do,adj,0
222,Noia,prop,0
222,",",",",0
222,via,n,0
222,de,prp,0
222,regra,n,0
222,",",",",0
222,convencia,n,0
222,até,prp,0
222,os,art,0
222,pais,n,0
222,mais,adv,0
222,céticos,adj,0
222,a,prp,0
222,deixar,v-inf,0
222,suas,pron-det,0
222,ﬁ,n,0
222,lhas,adj,0
222,adolescentes,adj,0
222,dormirem,v-inf,0
222,fora,adv,0
222,de,prp,0
222,casa,n,0
222,com,prp,0
222,um,art,0
222,bando,n,0
222,de,prp,0
222,moleques,n,0
222,.,.,0
223,Esse,v-fin,0
223,homem,n,0
223,",",",",0
223,porém,adv,0
223,",",",",0
223,viveu,v-fin,0
223,boa,adj,0
223,parte,n,0
223,de,prp,0
223,sua,pron-det,0
223,adolescência,n,0
223,atormentado,v-pcp,0
223,com,prp,0
223,sua,pron-det,0
223,homossexualidade,n,0
223,",",",",0
223,já,adv,0
223,que,conj-s,0
223,seus,pron-det,0
223,quatro,num,0
223,irmãos,n,0
223,",",",",0
223,todos,pron-det,0
223,homens,n,0
223,e,conj-c,0
223,autodenominando-se,n,0
223,de,prp,0
223,machões,n,0
223,",",",",0
223,jogavam,v-fin,0
223,futebol,n,0
223,e,conj-c,0
223,procuravam,v-fin,0
223,fazer,v-inf,0
223,toda,pron-det,0
223,a,art,0
223,mise,n,0
223,en,adj,0
223,scène,v-fin,0
223,solicitada,v-pcp,0
223,socialmente,adv,0
223,ao,prp,0
223,sexo,n,0
223,masculino.Líder,v-inf,0
223,da,v-fin,0
223,festa,n,0
223,e,conj-c,0
223,",",",",0
223,creio,v-fin,0
223,buscando,v-ger,0
223,mostrar,v-inf,0
223,virilidade,n,0
223,masculina,adj,0
223,",",",",0
223,procurava,v-fin,0
223,namorar,v-inf,0
223,as,art,0
223,moças,n,0
223,que,pron-indp,0
223,se,pron-pers,0
223,interessavam,v-fin,0
223,por,prp,0
223,ele,pron-pers,0
223,.,.,0
224,Uma,num,0
224,dessas,adj,0
224,moças,n,0
224,foi,v-fin,0
224,a,art,0
224,minha,pron-det,0
224,Tia,n,0
224,Nega,v-fin,0
224,que,conj-s,0
224,",",",",0
224,desiludida,v-pcp,0
224,com,prp,0
224,um,art,0
224,grande,adj,0
224,amor,n,0
224,",",",",0
224,foi,v-fin,0
224,curar,v-inf,0
224,seus,pron-det,0
224,traumas,n,0
224,nos,pron-pers,0
224,braços,n,0
224,do,v-fin,0
224,belo,adj,0
224,homem,n,0
224,.,.,0
225,Estava,v-fin,0
225,apontado,v-pcp,0
225,que,conj-s,0
225,o,art,0
225,romance,n,0
225,não,adv,0
225,vingaria,v-fin,0
225,.,.,0
226,Bastaram,v-fin,0
226,algumas,pron-det,0
226,semanas,n,0
226,de,prp,0
226,namoro,n,0
226,para,prp,0
226,minha,pron-det,0
226,fogosa,adj,0
226,tia,n,0
226,ﬂ,v-fin,0
226,agrar,v-inf,0
226,o,art,0
226,bonitão,n,0
226,agarrado,v-pcp,0
226,com,prp,0
226,outro,pron-det,0
226,homem,n,0
226,.,.,0
227,A,art,0
227,quadrilha,n,0
227,começava,v-fin,0
227,a,prp,0
227,ser,v-inf,0
227,organizada,v-pcp,0
227,logo,adv,0
227,ao,prp,0
227,ﬁ,v-inf,0
227,m,n,0
227,da,adj,0
227,Quaresma,prop,0
227,",",",",0
227,estendendo-se,v-fin,0
227,até,prp,0
227,o,art,0
227,começo,n,0
227,do,adj,0
227,mês,n,0
227,de,prp,0
227,julho,n,0
227,",",",",0
227,ou,conj-c,0
227,seja,v-fin,0
227,",",",",0
227,todos,pron-det,0
227,os,art,0
227,preparativos,n,0
227,e,conj-c,0
227,os,art,0
227,ensaios,n,0
227,acabavam,v-fin,0
227,por,prp,0
227,volta,n,0
227,do,adj,0
227,dia,n,0
227,de,prp,0
227,São,n,0
227,Pedro,adj,0
227,.,.,0
228,As,v-fin,0
228,reuniões,n,0
228,do,adj,0
228,grupo,n,0
228,aconteciam,v-fin,0
228,sempre,adv,0
228,as,art,0
228,quintas,n,0
228,",",",",0
228,sextas,n,0
228,e,conj-c,0
228,sábados,v-pcp,0
228,e,conj-c,0
228,começavam,v-fin,0
228,por,prp,0
228,volta,n,0
228,das,v-pcp,0
228,oito,num,0
228,horas,n,0
228,da,adj,0
228,noite,n,0
228,",",",",0
228,contudo,adv,0
228,boa,adj,0
228,parte,n,0
228,da,adv,0
228,rapaziada,v-pcp,0
228,já,adv,0
228,se,pron-pers,0
228,fazia,v-fin,0
228,presente,adj,0
228,às,adv,0
228,seis,num,0
228,e,conj-c,0
228,meia,n,0
228,.,.,0
229,Chegava-se,v-fin,0
229,antes,adv,0
229,da,adv,0
229,hora,n,0
229,marcada,v-pcp,0
229,para,prp,0
229,ouvir,v-inf,0
229,músicas,n,0
229,",",",",0
229,dançar,v-inf,0
229,",",",",0
229,conversar,v-inf,0
229,e,conj-c,0
229,brincar.Antes,n,0
229,de,prp,0
229,falar,v-inf,0
229,sobre,prp,0
229,a,art,0
229,quadrilha,n,0
229,",",",",0
229,quero,v-fin,0
229,descrever,v-inf,0
229,o,art,0
229,meu,pron-det,0
229,primeiro,adj,0
229,beijo,n,0
229,na,adj,0
229,boca,v-fin,0
229,que,conj-s,0
229,aconteceu,v-fin,0
229,quando,adv,0
229,brincávamos,v-fin,0
229,antes,adv,0
229,do,adv,0
229,ensaio,v-fin,0
229,.,.,0
230,A,art,0
230,brincadeira,n,0
230,chamada,v-pcp,0
230,por,prp,0
230,nós,pron-pers,0
230,de,prp,0
230,Pera,n,0
230,",",",",0
230,Uva,prop,0
230,",",",",0
230,Maçã,prop,0
230,",",",",0
230,Salada,v-pcp,0
230,Mista,n,0
230,",",",",0
230,acontecia,n,0
230,com,prp,0
230,as,art,0
230,meninas,n,0
230,enﬁ,v-fin,0
230,leiradas,v-pcp,0
230,lado,n,0
230,a,prp,0
230,lado,n,0
230,e,conj-c,0
230,de,prp,0
230,costas,n,0
230,para,prp,0
230,os,art,0
230,meninos,n,0
230,",",",",0
230,que,pron-indp,0
230,seriam,v-fin,0
230,escolhidos,v-pcp,0
230,um,num,0
230,a,prp,0
230,um,num,0
230,por,prp,0
230,um,art,0
230,coordenador,n,0
230,",",",",0
230,geralmente,adv,0
230,o,art,0
230,Lulu.O,n,0
230,coordenador,adj,0
230,escolhia,v-fin,0
230,uma,art,0
230,das,n,0
230,meninas,adj,0
230,",",",",0
230,que,pron-indp,0
230,recebia,v-fin,0
230,uma,art,0
230,venda,n,0
230,nos,pron-pers,0
230,olhos,n,0
230,",",",",0
230,apontava,v-fin,0
230,para,prp,0
230,um,art,0
230,eleito,v-pcp,0
230,na,adj,0
230,ﬁ,v-inf,0
230,la,adv,0
230,do,n,0
230,sexo,adj,0
230,oposto,v-pcp,0
230,e,conj-c,0
230,perguntava,v-fin,0
230,a,art,0
230,menina,n,0
230,:,adj,0
230,“,adj,0
230,Pera,n,0
230,",",",",0
230,Uva,prop,0
230,",",",",0
230,Maçã,prop,0
230,ou,conj-c,0
230,Salada,v-pcp,0
230,Mista,n,0
230,?,?,0
230,”,v-fin,0
230,Se,conj-s,0
230,a,art,0
230,resposta,n,0
230,fosse,v-fin,0
230,Pera,prop,0
230,",",",",0
230,o,art,0
230,escolhido,n,0
230,ganhava,v-fin,0
230,um,art,0
230,abraço,n,0
230,;,;,0
230,se,conj-s,0
230,fosse,v-fin,0
230,Uva,prop,0
230,",",",",0
230,um,art,0
230,beijo,n,0
230,no,adj,0
230,rosto,v-pcp,0
230,",",",",0
230,Maçã,prop,0
230,era,v-fin,0
230,uma,art,0
230,bitoca,n,0
230,nos,pron-pers,0
230,lábios,n,0
230,e,conj-c,0
230,Salada,v-pcp,0
230,Mista,n,0
230,era,v-fin,0
230,um,art,0
230,beijo,n,0
230,na,adj,0
230,boca,n,0
230,com,prp,0
230,direito,n,0
230,a,prp,0
230,chupões,n,0
230,mútuos,adj,0
230,de,prp,0
230,língua.Não,prop,0
230,posso,v-fin,0
230,e,conj-c,0
230,nem,conj-c,0
230,quero,v-fin,0
230,negar,v-inf,0
230,que,conj-s,0
230,esse,pron-det,0
230,era,v-fin,0
230,o,art,0
230,meu,pron-det,0
230,brinquedo,n,0
230,predileto,adj,0
230,.,.,0
231,Em,v-fin,0
231,uma,art,0
231,noite,n,0
231,de,prp,0
231,sexta-feira,n,0
231,",",",",0
231,matei,v-fin,0
231,as,art,0
231,duas,num,0
231,últimas,n,0
231,aulas,n,0
231,e,conj-c,0
231,fui,v-fin,0
231,para,prp,0
231,a,art,0
231,minha,pron-det,0
231,reunião,n,0
231,preferida,v-pcp,0
231,.,.,0
232,Nem,adv,0
232,o,art,0
232,frio,n,0
232,",",",",0
232,com,prp,0
232,a,art,0
232,serração,n,0
232,costumeira,adj,0
232,do,v-fin,0
232,mês,n,0
232,de,prp,0
232,junho,n,0
232,",",",",0
232,impediu-me,n,0
232,.,.,0
233,Chegando,v-ger,0
233,ao,prp,0
233,circo,n,0
233,mágico,adj,0
233,que,pron-indp,0
233,nos,pron-pers,0
233,envolvia,v-fin,0
233,todas,pron-det,0
233,as,art,0
233,noites,n,0
233,",",",",0
233,ﬁ,prop,0
233,quei,v-fin,0
233,esperando,v-ger,0
233,vaga,n,0
233,",",",",0
233,pois,conj-s,0
233,a,art,0
233,brincadeira,n,0
233,já,adv,0
233,havia,v-fin,0
233,começado,v-pcp,0
233,.,.,0
234,Felizmente,adv,0
234,",",",",0
234,um,art,0
234,dos,n,0
234,rapazes,adj,0
234,teve,v-fin,0
234,que,conj-s,0
234,ir,v-inf,0
234,embora,adv,0
234,e,conj-c,0
234,eu,pron-pers,0
234,o,art,0
234,substituí,v-fin,0
234,exatamente,adv,0
234,na,adj,0
234,hora,n,0
234,em,prp,0
234,que,pron-indp,0
234,a,art,0
234,Sandrina,n,0
234,estava,v-fin,0
234,sendo,v-ger,0
234,vendada,v-pcp,0
234,.,.,0
235,Fiz,v-fin,0
235,orações,n,0
235,",",",",0
235,pedi,v-fin,0
235,para,prp,0
235,Santo,n,0
235,Antônio,v-fin,0
235,me,pron-pers,0
235,dar,v-inf,0
235,forças,n,0
235,",",",",0
235,fechei,v-fin,0
235,os,art,0
235,olhos,n,0
235,e,conj-c,0
235,",",",",0
235,quando,adv,0
235,os,art,0
235,abri,n,0
235,",",",",0
235,o,art,0
235,dedo,n,0
235,rígido,v-pcp,0
235,e,conj-c,0
235,pomposo,adj,0
235,de,prp,0
235,Lulu,n,0
235,apontava,v-fin,0
235,para,prp,0
235,mim,pron-pers,0
235,.,.,0
236,Fiquei,v-fin,0
236,tonto,n,0
236,de,prp,0
236,emoção,n,0
236,e,conj-c,0
236,só,adv,0
236,escutei,v-fin,0
236,a,art,0
236,voz,n,0
236,suave,adj,0
236,da,v-fin,0
236,menina,n,0
236,proferir,v-inf,0
236,a,art,0
236,sentença,n,0
236,:,adj,0
236,Salada,v-pcp,0
236,Mista.O,adv,0
236,mais,adv,0
236,surpreendente,adj,0
236,e,conj-c,0
236,maravilhoso,adj,0
236,naquele,adj,0
236,momento,n,0
236,foi,v-fin,0
236,ver,v-inf,0
236,o,art,0
236,sorriso,n,0
236,da,v-fin,0
236,moça,n,0
236,na,conj-c,0
236,hora,n,0
236,em,prp,0
236,que,pron-indp,0
236,o,art,0
236,orientador,n,0
236,da,adj,0
236,brincadeira,prop,0
236,tirou,v-fin,0
236,o,art,0
236,lenço,n,0
236,que,pron-indp,0
236,encobria,v-fin,0
236,seus,pron-det,0
236,vivos,n,0
236,olhos,n,0
236,.,.,0
237,Ao,prop,0
237,ver,v-inf,0
237,que,conj-s,0
237,o,art,0
237,escolhido,n,0
237,era,v-fin,0
237,eu,pron-pers,0
237,",",",",0
237,ela,pron-pers,0
237,caminhou,v-fin,0
237,em,prp,0
237,minha,pron-det,0
237,direção,n,0
237,com,prp,0
237,passadas,n,0
237,comparáveis,adj,0
237,ao,prp,0
237,caminhar,v-inf,0
237,dos,v-pcp,0
237,potros,n,0
237,em,prp,0
237,dia,n,0
237,de,prp,0
237,grande,adj,0
237,prêmio,n,0
237,.,.,0
238,Seu,prop,0
238,sorriso,n,0
238,brilhava,v-fin,0
238,mais,adv,0
238,que,conj-s,0
238,os,art,0
238,reﬂ,n,0
238,etores,adj,0
238,do,v-fin,0
238,Maracanã,n,0
238,em,prp,0
238,noite,n,0
238,de,prp,0
238,jogo,n,0
238,de,prp,0
238,decisão,n,0
238,entre,prp,0
238,o,art,0
238,Flamengo,prop,0
238,de,prp,0
238,Zico,prop,0
238,e,conj-c,0
238,o,art,0
238,Vasco,n,0
238,de,prp,0
238,Roberto,n,0
238,Dinamite.Inerte,adj,0
238,",",",",0
238,petriﬁ,v-fin,0
238,cado,v-pcp,0
238,pela,adj,0
238,emoção,n,0
238,",",",",0
238,eu,pron-pers,0
238,não,adv,0
238,sentia,v-fin,0
238,as,art,0
238,pernas,n,0
238,nem,conj-c,0
238,os,art,0
238,braços,n,0
238,",",",",0
238,apenas,adv,0
238,o,art,0
238,meu,pron-det,0
238,estômago,n,0
238,",",",",0
238,cuja,pron-det,0
238,dor,n,0
238,ﬁ,v-fin,0
238,na,prop,0
238,e,conj-c,0
238,cortante,prop,0
238,dizia,v-fin,0
238,ao,prp,0
238,meu,pron-det,0
238,sistema,n,0
238,nervoso,adj,0
238,que,pron-indp,0
238,meu,pron-det,0
238,corpo,n,0
238,era,v-fin,0
238,mais,pron-det,0
238,que,pron-indp,0
238,apenas,adv,0
238,hormônios,n,0
238,e,conj-c,0
238,corrente,n,0
238,sanguínea,adj,0
238,.,.,0
239,O,art,0
239,certo,adj,0
239,é,v-fin,0
239,que,conj-s,0
239,",",",",0
239,quando,adv,0
239,dei,v-fin,0
239,por,prp,0
239,mim,pron-pers,0
239,",",",",0
239,existia,v-fin,0
239,uma,art,0
239,língua,n,0
239,acariciando,v-ger,0
239,a,art,0
239,constelação,n,0
239,do,adj,0
239,céu,n,0
239,de,prp,0
239,minha,pron-det,0
239,boca,n,0
239,",",",",0
239,o,pron-det,0
239,que,pron-indp,0
239,me,pron-pers,0
239,levou,v-fin,0
239,a,prp,0
239,retribuir,v-inf,0
239,.,.,0
240,Ficamos,v-fin,0
240,assim,adv,0
240,",",",",0
240,trocando,v-ger,0
240,",",",",0
240,compondo,v-ger,0
240,e,conj-c,0
240,tocando,v-ger,0
240,as,art,0
240,estrelas,n,0
240,um,art,0
240,do,n,0
240,outro,pron-det,0
240,por,prp,0
240,alguns,pron-det,0
240,curtos,n,0
240,e,conj-c,0
240,inﬁ,v-fin,0
240,nitos,adj,0
240,momentos,n,0
240,.,.,0
241,Naquele,n,0
241,instante,adj,0
241,",",",",0
241,o,art,0
241,universo,n,0
241,se,pron-pers,0
241,eternizou,v-fin,0
241,em,prp,0
241,meu,pron-det,0
241,entorno,n,0
241,",",",",0
241,estava,v-fin,0
241,ali,adv,0
241,cravado,v-pcp,0
241,o,art,0
241,maior,adj,0
241,prazer,n,0
241,que,conj-s,0
241,a,art,0
241,humanidade,n,0
241,já,adv,0
241,havia,v-fin,0
241,me,pron-pers,0
241,proporcionado,v-pcp,0
241,.,.,0
242,E,prop,0
242,graças,n,0
242,aos,adj,0
242,preparativos,adj,0
242,para,prp,0
242,o,art,0
242,Arraíá,n,0
242,das,v-pcp,0
242,Andorinhas.Este,v-fin,0
242,arraiá,n,0
242,era,v-fin,0
242,muito,adv,0
242,respeitado,v-pcp,0
242,na,adv,0
242,Baixada,v-pcp,0
242,Fluminense,adj,0
242,.,.,0
243,Não,prop,0
243,era,v-fin,0
243,raro,adj,0
243,ganharmos,v-fin,0
243,competições,n,0
243,estaduais,adj,0
243,de,prp,0
243,quadrilha,n,0
243,.,.,0
244,O,art,0
244,nosso,pron-det,0
244,maior,adj,0
244,rival,n,0
244,era,v-fin,0
244,o,art,0
244,Arraiá,n,0
244,da,adj,0
244,Amizade,n,0
244,",",",",0
244,do,v-fin,0
244,bairro,n,0
244,da,adj,0
244,Piedade,n,0
244,",",",",0
244,que,pron-indp,0
244,tinha,v-fin,0
244,como,adv,0
244,patrocinador,n,0
244,a,art,0
244,Universidade,n,0
244,Gama,adj,0
244,Filho,prop,0
244,",",",",0
244,instituição,n,0
244,privada,adj,0
244,de,prp,0
244,ensino,n,0
244,superior,adj,0
244,com,prp,0
244,sede,n,0
244,no,adj,0
244,mesmo,adv,0
244,bairro,n,0
244,.,.,0
245,Em,v-fin,0
245,várias,pron-det,0
245,ocasiões,n,0
245,que,pron-indp,0
245,disputamos,v-fin,0
245,a,art,0
245,primeira,adj,0
245,colocação,n,0
245,com,prp,0
245,nosso,pron-det,0
245,rival,n,0
245,",",",",0
245,perdíamos,v-fin,0
245,ou,conj-c,0
245,ganhávamos,v-fin,0
245,com,prp,0
245,poucos,pron-det,0
245,pontos,n,0
245,de,prp,0
245,diferença,n,0
245,.,.,0
246,Lembro-me,n,0
246,de,prp,0
246,uma,art,0
246,disputa,n,0
246,que,pron-indp,0
246,realizamos,v-fin,0
246,na,adv,0
246,Marquês,n,0
246,de,prp,0
246,Sapucaí,prop,0
246,",",",",0
246,onde,adv,0
246,perdemos,v-fin,0
246,o,art,0
246,troféu,n,0
246,por,prp,0
246,apenas,adv,0
246,meio,adj,0
246,ponto,n,0
246,.,.,0
247,Nessa,adj,0
247,oportunidade,n,0
247,",",",",0
247,o,art,0
247,Lulu,n,0
247,quase,adv,0
247,agrediu,v-fin,0
247,um,art,0
247,dos,n,0
247,jurados,adj,0
247,que,pron-indp,0
247,",",",",0
247,alegando,v-ger,0
247,a,art,0
247,queda,n,0
247,do,adj,0
247,meu,pron-det,0
247,chapéu,n,0
247,por,prp,0
247,um,art,0
247,movimento,n,0
247,brusco,adj,0
247,",",",",0
247,diminuiu,v-fin,0
247,em,prp,0
247,um,art,0
247,ponto,n,0
247,a,prp,0
247,nossa,pron-det,0
247,nota,n,0
247,.,.,0
248,O,art,0
248,arrojo,n,0
248,nas,adj,0
248,coreograﬁ,v-fin,0
248,as,art,0
248,era,v-fin,0
248,uma,art,0
248,marca,n,0
248,de,prp,0
248,nossas,pron-det,0
248,apresentações,n,0
248,.,.,0
249,Como,adv,0
249,não,adv,0
249,tínhamos,v-fin,0
249,grandes,adj,0
249,alegorias,n,0
249,",",",",0
249,nem,conj-c,0
249,vestimentas,n,0
249,soﬁ,v-fin,0
249,sticadas,v-pcp,0
249,",",",",0
249,o,pron-det,0
249,que,pron-indp,0
249,era,v-fin,0
249,evidente,adj,0
249,em,prp,0
249,nosso,pron-det,0
249,principal,adj,0
249,opositor,n,0
249,graças,prop,0
249,a,prp,0
249,diferente,adj,0
249,condição,n,0
249,ﬁ,adj,0
249,nanceira,adj,0
249,",",",",0
249,investíamos,v-fin,0
249,pesado,v-pcp,0
249,na,adj,0
249,forma,n,0
249,de,prp,0
249,dançar.Uma,n,0
249,de,prp,0
249,nossas,n,0
249,marcas,n,0
249,era,v-fin,0
249,a,art,0
249,coreograﬁ,n,0
249,a,prp,0
249,em,prp,0
249,forma,n,0
249,de,prp,0
249,roda,n,0
249,gigante,adj,0
249,:,adj,0
249,formavam-se,v-fin,0
249,dois,num,0
249,círculos,n,0
249,onde,adv,0
249,os,art,0
249,homens,n,0
249,compunham,v-fin,0
249,o,art,0
249,círculo,n,0
249,externo,adj,0
249,e,conj-c,0
249,as,art,0
249,damas,n,0
249,formavam,v-fin,0
249,o,art,0
249,círculo,n,0
249,interno,adj,0
249,;,;,0
249,entrelaçávamos,v-fin,0
249,os,art,0
249,braços,n,0
249,uns,pron-det,0
249,aos,v-fin,0
249,outros,pron-det,0
249,",",",",0
249,as,art,0
249,meninas,n,0
249,sentavam-se,adj,0
249,na,pron-pers,0
249,união,n,0
249,desses,adj,0
249,",",",",0
249,eram,v-fin,0
249,suspensas,adj,0
249,ao,prp,0
249,nível,n,0
249,dos,v-pcp,0
249,ombros,adj,0
249,",",",",0
249,soltavam,v-fin,0
249,as,art,0
249,mãos,n,0
249,e,conj-c,0
249,balançavam,v-fin,0
249,lanternas,adj,0
249,compostas,v-pcp,0
249,por,prp,0
249,uma,art,0
249,armação,n,0
249,de,prp,0
249,bambu,n,0
249,envolvida,v-pcp,0
249,com,prp,0
249,papel,n,0
249,ﬁ,adj,0
249,no,adj,0
249,e,conj-c,0
249,contendo,v-ger,0
249,em,prp,0
249,seu,pron-det,0
249,interior,n,0
249,uma,art,0
249,vela,n,0
249,acesa,adj,0
249,.,.,0
250,Nesse,v-fin,0
250,momento,n,0
250,",",",",0
250,as,art,0
250,luzes,n,0
250,do,v-fin,0
250,ambiente,adv,0
250,se,pron-pers,0
250,apagavam,v-fin,0
250,e,conj-c,0
250,nós,pron-pers,0
250,ﬁ,v-fin,0
250,cávamos,v-fin,0
250,indo,v-ger,0
250,de,prp,0
250,um,art,0
250,lado,n,0
250,para,prp,0
250,o,art,0
250,outro,pron-det,0
250,como,adv,0
250,se,pron-pers,0
250,fôssemos,v-fin,0
250,um,art,0
250,imenso,adj,0
250,vagalume,n,0
250,em,prp,0
250,vai-e-vem,n,0
250,.,.,0
251,Esse,n,0
251,era,v-fin,0
251,sem,prp,0
251,dúvida,n,0
251,o,art,0
251,ponto,n,0
251,alto,adj,0
251,da,n,0
251,nossa,pron-det,0
251,coreograﬁ,n,0
251,a,prp,0
251,que,pron-indp,0
251,foi,v-fin,0
251,sendo,v-ger,0
251,superado,v-pcp,0
251,",",",",0
251,ao,prp,0
251,longo,adj,0
251,dos,v-pcp,0
251,anos,n,0
251,",",",",0
251,pelas,v-fin,0
251,quadrilhas,n,0
251,concorrentes.No,adj,0
251,último,adj,0
251,ano,n,0
251,em,prp,0
251,que,pron-indp,0
251,as,art,0
251,Andorinhas,n,0
251,competiram,v-fin,0
251,",",",",0
251,eu,pron-pers,0
251,fora,v-fin,0
251,escolhido,v-pcp,0
251,pelo,n,0
251,Lulu,adj,0
251,como,adv,0
251,puxador,n,0
251,oﬁ,v-fin,0
251,cial,adj,0
251,e,conj-c,0
251,",",",",0
251,consequentemente,adv,0
251,",",",",0
251,par,v-inf,0
251,da,prop,0
251,rainha,v-fin,0
251,da,n,0
251,quadrilha,adj,0
251,.,.,0
252,A,art,0
252,escolha,n,0
252,do,v-fin,0
252,puxador,n,0
252,era,v-fin,0
252,autoritária,adj,0
252,",",",",0
252,indicada,v-pcp,0
252,pelo,n,0
252,próprio,adj,0
252,organizador,n,0
252,e,conj-c,0
252,feita,v-pcp,0
252,",",",",0
252,segundo,prp,0
252,ele,pron-pers,0
252,",",",",0
252,obedecendo,v-ger,0
252,ao,prp,0
252,critério,n,0
252,de,prp,0
252,animação,n,0
252,nos,pron-pers,0
252,ensaios,n,0
252,.,.,0
253,A,art,0
253,escolha,n,0
253,sempre,adv,0
253,foi,v-fin,0
253,respeitada,v-pcp,0
253,pelo,adv,0
253,grupo,n,0
253,e,conj-c,0
253,mudava,v-fin,0
253,a,prp,0
253,cada,pron-det,0
253,ano,n,0
253,.,.,0
254,O,art,0
254,puxador,n,0
254,e,conj-c,0
254,a,art,0
254,rainha,n,0
254,tinham,v-fin,0
254,a,art,0
254,importante,adj,0
254,função,n,0
254,de,prp,0
254,servir,v-inf,0
254,de,prp,0
254,referência,n,0
254,para,prp,0
254,os,art,0
254,outros,pron-det,0
254,pares,n,0
254,",",",",0
254,além,prop,0
254,de,prp,0
254,dinamizar,v-inf,0
254,e,conj-c,0
254,determinar,v-inf,0
254,o,art,0
254,ritmo,n,0
254,estético,adj,0
254,da,v-fin,0
254,apresentação,n,0
254,.,.,0
255,Ao,prop,0
255,coreógrafo,n,0
255,e,conj-c,0
255,marcador,n,0
255,dos,v-pcp,0
255,passos,adj,0
255,",",",",0
255,cabia,v-fin,0
255,a,art,0
255,função,n,0
255,de,prp,0
255,gritar,v-inf,0
255,a,art,0
255,ordem,n,0
255,ensaiada,v-pcp,0
255,das,v-pcp,0
255,coreograﬁ,conj-s,0
255,as,art,0
255,e,conj-c,0
255,incentivar,v-inf,0
255,oralmente,adv,0
255,o,art,0
255,grupo,n,0
255,.,.,0
256,A,art,0
256,escolha,n,0
256,da,v-fin,0
256,rainha,prop,0
256,era,v-fin,0
256,um,art,0
256,acontecimento,n,0
256,que,pron-indp,0
256,mobilizava,v-fin,0
256,boa,adj,0
256,parte,n,0
256,da,adj,0
256,comunidade,n,0
256,local,adj,0
256,e,conj-c,0
256,exigia,n,0
256,grande,adj,0
256,empenho,n,0
256,das,v-pcp,0
256,candidatas,adj,0
256,.,.,0
257,As,v-fin,0
257,meninas,n,0
257,préselecionadas,v-pcp,0
257,e,conj-c,0
257,postulantes,adj,0
257,ao,prp,0
257,mais,adv,0
257,alto,adj,0
257,posto,n,0
257,permitido,v-pcp,0
257,a,prp,0
257,dançarinas,n,0
257,de,prp,0
257,quadrilha,n,0
257,",",",",0
257,organizavam,v-fin,0
257,bingos,prop,0
257,",",",",0
257,rifas,prop,0
257,",",",",0
257,vendiam,v-fin,0
257,prendas,v-pcp,0
257,e,conj-c,0
257,promoviam,v-fin,0
257,festas,n,0
257,na,adj,0
257,tentativa,n,0
257,de,prp,0
257,arrecadar,v-inf,0
257,fundos,n,0
257,de,prp,0
257,investimento,n,0
257,para,prp,0
257,o,art,0
257,grande,adj,0
257,dia,n,0
257,.,.,0
258,A,art,0
258,candidata,n,0
258,que,pron-indp,0
258,captasse,v-fin,0
258,mais,pron-det,0
258,recursos,n,0
258,participava,v-fin,0
258,da,adv,0
258,ﬁ,n,0
258,nal,adj,0
258,",",",",0
258,levando,v-ger,0
258,a,art,0
258,vantagem,n,0
258,de,prp,0
258,um,art,0
258,ponto,n,0
258,sobre,prp,0
258,suas,pron-det,0
258,concorrentes,n,0
258,.,.,0
259,A,art,0
259,grande,adj,0
259,decisão,n,0
259,",",",",0
259,que,pron-indp,0
259,reunia,v-fin,0
259,um,art,0
259,número,n,0
259,considerável,adj,0
259,de,prp,0
259,torcedores,n,0
259,interessados,v-pcp,0
259,em,prp,0
259,votar,v-inf,0
259,em,prp,0
259,suas,pron-det,0
259,preferidas,n,0
259,",",",",0
259,acontecia,n,0
259,geralmente,adj,0
259,no,adj,0
259,antepenúltimo,adj,0
259,ensaio,n,0
259,e,conj-c,0
259,se,pron-pers,0
259,transformava,v-fin,0
259,em,prp,0
259,oportunidade,n,0
259,para,prp,0
259,arrecadação,n,0
259,de,prp,0
259,dinheiro,n,0
259,para,prp,0
259,a,art,0
259,manutenção,n,0
259,das,v-pcp,0
259,viagens,adj,0
259,do,adj,0
259,grupo,n,0
259,aos,adj,0
259,festivais,adj,0
259,.,.,0
260,Nessa,v-fin,0
260,ocasião,n,0
260,",",",",0
260,eram,v-fin,0
260,montadas,v-pcp,0
260,barracas,adj,0
260,com,prp,0
260,comidas,n,0
260,típicas,adj,0
260,",",",",0
260,carrinhos,n,0
260,de,prp,0
260,bebidas,n,0
260,",",",",0
260,bem,adv,0
260,como,adv,0
260,solicitada,v-pcp,0
260,a,art,0
260,colaboração,n,0
260,voluntária,adj,0
260,de,prp,0
260,quem,pron-indp,0
260,quisesse,v-fin,0
260,e,conj-c,0
260,pudesse,v-fin,0
260,ajudar,v-inf,0
260,ﬁ,adv,0
260,nanceiramente,adv,0
260,o,art,0
260,Arraiá,n,0
260,das,v-pcp,0
260,Andorinhas,prop,0
260,.,.,0
261,Cada,v-pcp,0
261,moça,n,0
261,que,pron-indp,0
261,almejava,v-fin,0
261,o,art,0
261,posto,n,0
261,de,prp,0
261,rainha,n,0
261,da,adj,0
261,quadrilha,n,0
261,tinha,v-fin,0
261,que,conj-s,0
261,fazer,v-inf,0
261,sua,pron-det,0
261,performance,n,0
261,em,prp,0
261,três,num,0
261,minutos,n,0
261,a,prp,0
261,ﬁ,prop,0
261,m,n,0
261,de,prp,0
261,persuadir,v-inf,0
261,os,art,0
261,presentes,n,0
261,de,prp,0
261,que,pron-indp,0
261,seria,v-fin,0
261,a,art,0
261,melhor,adj,0
261,para,prp,0
261,ocupar,v-inf,0
261,o,art,0
261,disputado,adj,0
261,lugar,n,0
261,.,.,0
262,Após,prop,0
262,a,art,0
262,apresentação,n,0
262,das,v-pcp,0
262,candidatas,adj,0
262,",",",",0
262,Lulu,prop,0
262,perguntava,v-fin,0
262,:,"""",0
262,“,prop,0
262,É,v-fin,0
262,essa,pron-det,0
262,?,?,0
263,É,prop,0
263,essa,pron-det,0
263,aqui,adv,0
263,?,?,0
264,É,prop,0
264,aquela,pron-det,0
264,?,?,0
265,Ou,prop,0
265,aquela,pron-det,0
265,outra,pron-det,0
265,?,?,0
266,Será,v-fin,0
266,então,adv,0
266,essa,pron-det,0
266,dali,n,0
266,?,?,0
266,”,v-fin,0
266,Contavam-se,v-fin,0
266,os,art,0
266,braços,n,0
266,levantados,v-pcp,0
266,até,prp,0
266,se,pron-pers,0
266,conhecer,v-inf,0
266,o,art,0
266,resultado,n,0
266,ﬁ,adj,0
266,nal.É,v-fin,0
266,desnecessário,adj,0
266,dizer,v-inf,0
266,que,conj-s,0
266,o,art,0
266,resultado,n,0
266,invariavelmente,adj,0
266,causava,v-fin,0
266,polêmica,adj,0
266,",",",",0
266,sendo,v-ger,0
266,necessária,adj,0
266,a,art,0
266,presença,n,0
266,do,adj,0
266,organizador,adj,0
266,da,adj,0
266,quadrilha,v-fin,0
266,na,adv,0
266,casa,n,0
266,das,v-pcp,0
266,perdedoras,adj,0
266,mais,adv,0
266,decepcionadas,v-pcp,0
266,na,adv,0
266,tentativa,n,0
266,de,prp,0
266,convencê-las,n,0
266,a,prp,0
266,não,adv,0
266,abandonar,v-inf,0
266,o,art,0
266,grupo,n,0
266,.,.,0
267,Geralmente,adv,0
267,",",",",0
267,com,prp,0
267,o,art,0
267,charme,n,0
267,e,conj-c,0
267,poder,n,0
267,de,prp,0
267,persuasão,n,0
267,que,pron-indp,0
267,lhe,pron-pers,0
267,era,v-fin,0
267,tamanho,n,0
267,",",",",0
267,nosso,pron-det,0
267,líder,n,0
267,conseguia,v-fin,0
267,tal,pron-det,0
267,feito,v-pcp,0
267,.,.,0
268,O,art,0
268,ﬁ,n,0
268,m,adj,0
268,do,v-fin,0
268,Arraiá,adv,0
268,das,v-pcp,0
268,Andorinhas,prop,0
268,",",",",0
268,como,adv,0
268,adiantei,v-fin,0
268,",",",",0
268,aconteceu,v-fin,0
268,de,prp,0
268,modo,n,0
268,trágico,adj,0
268,.,.,0
269,Fomos,v-fin,0
269,convidados,v-pcp,0
269,para,prp,0
269,uma,art,0
269,apresentação,n,0
269,paga,adj,0
269,em,prp,0
269,um,art,0
269,colégio,n,0
269,no,adj,0
269,Jardim,adj,0
269,Redentor,n,0
269,",",",",0
269,primeiro,adj,0
269,bairro,n,0
269,do,adj,0
269,outro,pron-det,0
269,lado,n,0
269,das,v-pcp,0
269,Três,v-fin,0
269,Pontes,n,0
269,.,.,0
270,Como,prp,0
270,a,art,0
270,situação,n,0
270,ﬁ,adj,0
270,nanceira,adj,0
270,do,adj,0
270,grupo,n,0
270,não,adv,0
270,era,v-fin,0
270,boa,adj,0
270,",",",",0
270,não,adv,0
270,pudemos,v-fin,0
270,alugar,v-inf,0
270,nenhum,pron-det,0
270,transporte,n,0
270,",",",",0
270,e,conj-c,0
270,o,art,0
270,grupo,n,0
270,foi,v-fin,0
270,a,art,0
270,pé,n,0
270,com,prp,0
270,a,art,0
270,orientação,n,0
270,do,adj,0
270,nosso,pron-det,0
270,organizador,n,0
270,de,prp,0
270,andar,v-inf,0
270,em,prp,0
270,ﬁ,v-inf,0
270,la,pron-pers,0
270,simples,adj,0
270,",",",",0
270,um,art,0
270,atrás,n,0
270,do,adj,0
270,outro,pron-det,0
270,.,.,0
271,O,art,0
271,bando,n,0
271,de,prp,0
271,adolescentes,n,0
271,",",",",0
271,porém,adv,0
271,",",",",0
271,por,prp,0
271,considerar,v-inf,0
271,difícil,adj,0
271,",",",",0
271,não,adv,0
271,seguiu,v-fin,0
271,a,art,0
271,orientação,n,0
271,dada,v-pcp,0
271,",",",",0
271,e,conj-c,0
271,o,art,0
271,Lulu,prop,0
271,",",",",0
271,embora,conj-s,0
271,muito,adv,0
271,sério,adj,0
271,e,conj-c,0
271,concentrado,v-pcp,0
271,no,v-fin,0
271,que,conj-s,0
271,fazia,v-fin,0
271,",",",",0
271,não,adv,0
271,era,v-fin,0
271,afeiçoado,v-pcp,0
271,a,prp,0
271,disciplinar,v-inf,0
271,ninguém,pron-indp,0
271,",",",",0
271,portanto,adv,0
271,deixou,v-fin,0
271,livre.De,n,0
271,repente,adv,0
271,",",",",0
271,a,art,0
271,poucos,pron-det,0
271,metros,n,0
271,da,v-fin,0
271,travessia,n,0
271,das,v-pcp,0
271,Três,prp,0
271,Pontes,n,0
271,",",",",0
271,quase,adv,0
271,diante,adv,0
271,da,v-fin,0
271,entrada,n,0
271,da,adj,0
271,Favela,v-fin,0
271,do,adv,0
271,Dique,conj-s,0
271,",",",",0
271,um,art,0
271,carro,n,0
271,modelo,n,0
271,Brasília,prop,0
271,",",",",0
271,de,prp,0
271,cor,n,0
271,branca,adj,0
271,",",",",0
271,em,prp,0
271,alta,adj,0
271,velocidade,n,0
271,",",",",0
271,com,prp,0
271,o,art,0
271,motorista,n,0
271,embriagado,v-pcp,0
271,",",",",0
271,saiu,v-fin,0
271,do,adv,0
271,asfalto,n,0
271,e,conj-c,0
271,atropelou,v-fin,0
271,parte,n,0
271,do,adj,0
271,grupo,n,0
271,",",",",0
271,matando,v-ger,0
271,três,num,0
271,integrantes,adj,0
271,e,conj-c,0
271,ferindo,v-ger,0
271,outros,pron-det,0
271,quatro,num,0
271,.,.,0
272,Entre,prp,0
272,os,art,0
272,mortos,adj,0
272,",",",",0
272,estava,v-fin,0
272,a,art,0
272,rainha,n,0
272,",",",",0
272,minha,pron-det,0
272,dama,n,0
272,",",",",0
272,que,pron-indp,0
272,guardava,v-fin,0
272,em,prp,0
272,seu,pron-det,0
272,útero,n,0
272,uma,art,0
272,gravidez,n,0
272,de,prp,0
272,gêmeos,n,0
272,com,prp,0
272,cinco,num,0
272,semanas,n,0
272,",",",",0
272,ainda,adv,0
272,desconhecida,v-pcp,0
272,da,n,0
272,família,n,0
272,e,conj-c,0
272,do,v-fin,0
272,seu,pron-det,0
272,namorado,n,0
272,",",",",0
272,o,pron-det,0
272,que,pron-indp,0
272,veio,v-fin,0
272,a,prp,0
272,aumentar,v-inf,0
272,a,art,0
272,dor,n,0
272,da,v-fin,0
272,perda,n,0
272,.,.,0
273,Morreu,v-fin,0
273,também,adv,0
273,o,art,0
273,Ferro,n,0
273,Puro,adj,0
273,",",",",0
273,braço,n,0
273,direito,adj,0
273,do,v-fin,0
273,nosso,pron-det,0
273,líder,n,0
273,e,conj-c,0
273,segunda,adj,0
273,pessoa,n,0
273,na,adv,0
273,hierarquia,v-fin,0
273,das,v-pcp,0
273,Andorinhas,n,0
273,",",",",0
273,e,conj-c,0
273,a,art,0
273,Marinha,prop,0
273,",",",",0
273,namorada,v-pcp,0
273,do,adv,0
273,irmão,adj,0
273,mais,adv,0
273,novo,adj,0
273,do,n,0
273,Lulu,adj,0
273,",",",",0
273,que,pron-indp,0
273,estava,v-fin,0
273,junto,adv,0
273,a,prp,0
273,ela,pron-pers,0
273,e,conj-c,0
273,ﬁ,prop,0
273,cou,v-fin,0
273,gravemente,adv,0
273,ferido.Nunca,adj,0
273,soubemos,v-fin,0
273,ao,prp,0
273,certo,v-inf,0
273,o,pron-det,0
273,que,pron-indp,0
273,aconteceu,v-fin,0
273,com,prp,0
273,o,art,0
273,motorista,n,0
273,.,.,0
274,Disseram,v-fin,0
274,que,conj-s,0
274,depois,adv,0
274,do,v-fin,0
274,acidente,adv,0
274,ele,pron-pers,0
274,saiu,v-fin,0
274,correndo,v-ger,0
274,entre,prp,0
274,os,art,0
274,barracos,n,0
274,do,v-fin,0
274,Dique,n,0
274,e,conj-c,0
274,desapareceu,v-fin,0
274,na,pron-pers,0
274,escuridão,n,0
274,.,.,0
275,Varias,n,0
275,outras,pron-det,0
275,versões,n,0
275,surgiram,v-fin,0
275,.,.,0
276,Uma,num,0
276,delas,n,0
276,aﬁ,adj,0
276,rma,v-fin,0
276,que,conj-s,0
276,ele,pron-pers,0
276,foi,v-fin,0
276,jogado,v-pcp,0
276,no,adv,0
276,canal,adj,0
276,com,prp,0
276,uma,art,0
276,pedra,n,0
276,amarrada,v-pcp,0
276,ao,prp,0
276,pé,prop,0
276,;,;,0
276,outra,pron-det,0
276,diz,v-fin,0
276,que,conj-s,0
276,ele,pron-pers,0
276,foi,v-fin,0
276,servir,v-inf,0
276,de,prp,0
276,tábua,n,0
276,de,prp,0
276,mira,n,0
276,para,prp,0
276,a,art,0
276,equipe,n,0
276,de,prp,0
276,tiro,n,0
276,ao,prp,0
276,alvo,n,0
276,da,adj,0
276,favela,n,0
276,;,;,0
276,outra,pron-det,0
276,",",",",0
276,ainda,adv,0
276,",",",",0
276,defende,v-fin,0
276,que,conj-s,0
276,o,art,0
276,tal,pron-det,0
276,homem,n,0
276,ﬁ,v-fin,0
276,cou,v-fin,0
276,escondido,v-pcp,0
276,por,prp,0
276,uma,art,0
276,semana,n,0
276,no,adj,0
276,matagal,adj,0
276,e,conj-c,0
276,depois,adv,0
276,fugiu,v-fin,0
276,para,prp,0
276,o,art,0
276,interior,n,0
276,de,prp,0
276,Minas,n,0
276,Gerais.O,adj,0
276,que,pron-indp,0
276,de,prp,0
276,concreto,n,0
276,se,pron-pers,0
276,sabe,v-fin,0
276,é,v-fin,0
276,que,conj-s,0
276,nunca,adv,0
276,mais,adv,0
276,ele,pron-pers,0
276,foi,v-fin,0
276,visto,v-pcp,0
276,pelas,prp,0
276,redondezas,n,0
276,do,adj,0
276,Noia,prop,0
276,e,conj-c,0
276,que,conj-s,0
276,a,art,0
276,tragédia,n,0
276,jamais,adv,0
276,foi,v-fin,0
276,superada,v-pcp,0
276,pela,adj,0
276,comunidade,n,0
276,.,.,0
277,Alguns,num,0
277,anos,n,0
277,depois,adv,0
277,",",",",0
277,o,art,0
277,Lulu,n,0
277,ainda,adv,0
277,tentou,v-fin,0
277,montar,v-inf,0
277,outro,pron-det,0
277,grupo,n,0
277,",",",",0
277,entretanto,adv,0
277,",",",",0
277,foi,v-fin,0
277,crivado,v-pcp,0
277,de,prp,0
277,críticas,n,0
277,pela,adj,0
277,sociedade,n,0
277,noiense,adj,0
277,",",",",0
277,desistindo,v-ger,0
277,da,n,0
277,tentativa.Na,adj,0
277,hora,n,0
277,do,v-fin,0
277,acidente,adv,0
277,",",",",0
277,Zé,v-fin,0
277,Padeiro,n,0
277,e,conj-c,0
277,eu,pron-pers,0
277,estávamos,v-fin,0
277,no,adv,0
277,colégio,n,0
277,do,pp,0
277,Jardim,adj,0
277,Redentor,n,0
277,",",",",0
277,realizando,v-ger,0
277,os,art,0
277,preparativos,n,0
277,para,prp,0
277,a,art,0
277,apresentação,n,0
277,.,.,0
278,O,art,0
278,Zé,prop,0
278,",",",",0
278,que,pron-indp,0
278,era,v-fin,0
278,meu,pron-det,0
278,chegado,v-pcp,0
278,e,conj-c,0
278,um,art,0
278,verdadeiro,adj,0
278,mulherengo,n,0
278,",",",",0
278,me,pron-pers,0
278,convidou,v-fin,0
278,para,prp,0
278,ajudá-lo,v-inf,0
278,a,prp,0
278,preparar,v-inf,0
278,as,art,0
278,alegorias,n,0
278,",",",",0
278,na,adj,0
278,intenção,n,0
278,de,prp,0
278,paquerar,v-inf,0
278,uma,art,0
278,menina,n,0
278,do,adj,0
278,colégio,prop,0
278,",",",",0
278,o,pron-det,0
278,que,pron-indp,0
278,",",",",0
278,segundo,prp,0
278,ele,pron-pers,0
278,",",",",0
278,compensava,v-fin,0
278,o,art,0
278,duro,n,0
278,trabalho.Fomos,v-fin,0
278,para,prp,0
278,o,art,0
278,local,n,0
278,num,adj,0
278,fusca,v-fin,0
278,carregado,v-pcp,0
278,de,prp,0
278,trecos,n,0
278,necessários,adj,0
278,à,adj,0
278,apresentação,n,0
278,e,conj-c,0
278,guiado,v-pcp,0
278,pelo,adj,0
278,padrasto,v-pcp,0
278,do,v-fin,0
278,Zé,n,0
278,.,.,0
279,Fomos,v-fin,0
279,salvos,adj,0
279,pelo,adj,0
279,acaso,n,0
279,",",",",0
279,pois,conj-s,0
279,",",",",0
279,geralmente,adv,0
279,",",",",0
279,quando,adv,0
279,a,art,0
279,quadrilha,n,0
279,se,pron-pers,0
279,deslocava,v-fin,0
279,caminhando,v-ger,0
279,de,prp,0
279,um,art,0
279,local,n,0
279,para,prp,0
279,outro,pron-det,0
279,",",",",0
279,éramos,v-fin,0
279,nós,pron-pers,0
279,dois,num,0
279,e,conj-c,0
279,mais,adv,0
279,Ferro,n,0
279,Puro,adj,0
279,que,pron-indp,0
279,balizávamos,v-fin,0
279,o,art,0
279,grupo,n,0
279,e,conj-c,0
279,",",",",0
279,portanto,adv,0
279,",",",",0
279,estaríamos,v-fin,0
279,no,prp,0
279,caminho,n,0
279,do,adj,0
279,carro,n,0
279,desgovernado.Na,adj,0
279,nossa,pron-det,0
279,quebrada,v-pcp,0
279,",",",",0
279,havia,v-fin,0
279,um,art,0
279,ponto,n,0
279,de,prp,0
279,encontro,n,0
279,e,conj-c,0
279,de,prp,0
279,lazer,n,0
279,que,pron-indp,0
279,proporcionava,v-fin,0
279,aos,adv,0
279,moradores,n,0
279,a,prp,0
279,interessante,adj,0
279,oportunidade,n,0
279,de,prp,0
279,apreciar,v-inf,0
279,o,art,0
279,samba,n,0
279,de,prp,0
279,vera,n,0
279,",",",",0
279,feito,v-pcp,0
279,de,prp,0
279,maneira,n,0
279,marginal,adj,0
279,",",",",0
279,música,n,0
279,vigorosa,adj,0
279,cujos,pron-det,0
279,elementos,n,0
279,afrobrasileiros,adj,0
279,traziam,v-fin,0
279,letras,n,0
279,questionadoras,adj,0
279,sobre,prp,0
279,quem,pron-indp,0
279,éramos,v-fin,0
279,e,conj-c,0
279,o,pron-det,0
279,que,pron-indp,0
279,representávamos,v-fin,0
279,para,prp,0
279,aquela,pron-det,0
279,realidade,n,0
279,.,.,0
280,A,art,0
280,quadra,n,0
280,do,v-fin,0
280,bloco,n,0
280,carnavalesco,adj,0
280,Grêmio,n,0
280,Recreativo,adj,0
280,Sovaco,adj,0
280,da,n,0
280,Minhoca,adj,0
280,",",",",0
280,cuja,pron-det,0
280,direção,n,0
280,era,v-fin,0
280,distribuída,v-pcp,0
280,entre,prp,0
280,os,art,0
280,fora-da-lei,n,0
280,endinheirados,v-pcp,0
280,",",",",0
280,craques,n,0
280,de,prp,0
280,futebol,n,0
280,",",",",0
280,músicos,n,0
280,da,adj,0
280,bateria,adj,0
280,e,conj-c,0
280,sambistas,adj,0
280,",",",",0
280,era,v-fin,0
280,o,art,0
280,lugar,n,0
280,onde,adv,0
280,eu,pron-pers,0
280,conseguia,v-fin,0
280,viver,v-inf,0
280,na,adv,0
280,maior,adj,0
280,moral,n,0
280,.,.,0
281,O,art,0
281,samba,n,0
281,sempre,adv,0
281,me,pron-pers,0
281,fascinou,v-fin,0
281,com,prp,0
281,sua,pron-det,0
281,harmonia,n,0
281,e,conj-c,0
281,criatividade,n,0
281,e,conj-c,0
281,dançar,v-inf,0
281,constituía-se,n,0
281,em,prp,0
281,uma,art,0
281,atividade,n,0
281,de,prp,0
281,enorme,adj,0
281,prazer,n,0
281,para,prp,0
281,o,art,0
281,meu,pron-det,0
281,corpo,n,0
281,:,prop,0
281,era,v-fin,0
281,fechar,v-inf,0
281,os,art,0
281,olhos,n,0
281,",",",",0
281,me,pron-pers,0
281,deixar,v-inf,0
281,levar,v-inf,0
281,pelo,n,0
281,balanço,n,0
281,dos,v-pcp,0
281,instrumentos,adj,0
281,e,conj-c,0
281,viver,v-inf,0
281,um,art,0
281,estado,n,0
281,de,prp,0
281,elevação,n,0
281,.,.,0
282,Desse,v-fin,0
282,modo,n,0
282,",",",",0
282,colava,v-fin,0
282,em,prp,0
282,Bidoca,n,0
282,para,prp,0
282,aperfeiçoar-me,v-inf,0
282,com,prp,0
282,seus,pron-det,0
282,passos,n,0
282,de,prp,0
282,distinta,n,0
282,sambista,adj,0
282,.,.,0
283,O,num,0
283,ponto,n,0
283,alto,adj,0
283,dos,v-pcp,0
283,encontros,adj,0
283,no,v-fin,0
283,Sovaco,adj,0
283,da,v-inf,0
283,Minhoca,adj,0
283,acontecia,n,0
283,quando,adv,0
283,das,v-pcp,0
283,eliminatórias,n,0
283,para,prp,0
283,a,art,0
283,escolha,n,0
283,do,v-fin,0
283,samba-enredo,n,0
283,que,pron-indp,0
283,acompanharia,v-fin,0
283,o,art,0
283,bloco,n,0
283,da,adj,0
283,agremiação,n,0
283,no,adj,0
283,carnaval,n,0
283,seguinte,adj,0
283,.,.,0
284,No,v-fin,0
284,segundo,adj,0
284,sábado,n,0
284,de,prp,0
284,dezembro,n,0
284,",",",",0
284,era,v-fin,0
284,quando,adv,0
284,ocorria,v-fin,0
284,a,art,0
284,semiﬁ,n,0
284,nal,adj,0
284,e,conj-c,0
284,o,art,0
284,ﬁ,n,0
284,nal,adj,0
284,de,prp,0
284,semana,n,0
284,seguinte,adj,0
284,ﬁ,adj,0
284,cava,v-fin,0
284,reservado,v-pcp,0
284,para,prp,0
284,a,art,0
284,grande,adj,0
284,festa,n,0
284,da,adj,0
284,escolha,n,0
284,deﬁ,v-fin,0
284,nitiva.Os,adj,0
284,compositores,n,0
284,recebiam,v-fin,0
284,do,v-inf,0
284,Conselho,n,0
284,Diretor,adj,0
284,da,v-fin,0
284,agremiação,n,0
284,o,art,0
284,mote,n,0
284,em,prp,0
284,forma,n,0
284,de,prp,0
284,tema,n,0
284,e,conj-c,0
284,compunham,v-fin,0
284,os,art,0
284,sambas,n,0
284,.,.,0
285,No,n,0
285,primeiro,adj,0
285,sábado,n,0
285,de,prp,0
285,novembro,n,0
285,",",",",0
285,em,prp,0
285,uma,art,0
285,grande,adj,0
285,festa,n,0
285,",",",",0
285,todos,pron-det,0
285,os,art,0
285,músicos,n,0
285,defendiam,v-fin,0
285,suas,pron-det,0
285,propostas,n,0
285,em,prp,0
285,apresentações,n,0
285,abertas,adj,0
285,para,prp,0
285,a,art,0
285,comunidade,n,0
285,e,conj-c,0
285,",",",",0
285,assim,adv,0
285,",",",",0
285,após,prp,0
285,todos,pron-det,0
285,os,art,0
285,sambas-enredos,n,0
285,serem,v-inf,0
285,conhecidos,v-pcp,0
285,",",",",0
285,eram,v-fin,0
285,agrupados,v-pcp,0
285,em,prp,0
285,blocos,n,0
285,de,prp,0
285,cinco,num,0
285,e,conj-c,0
285,",",",",0
285,em,prp,0
285,cada,pron-det,0
285,sábado,n,0
285,subsequente,adj,0
285,",",",",0
285,a,art,0
285,comunidade,n,0
285,escolhia,adj,0
285,um,art,0
285,deles,n,0
285,para,prp,0
285,concorrer,v-inf,0
285,na,n,0
285,semiﬁ,adj,0
285,nal,adj,0
285,.,.,0
286,Todos,v-pcp,0
286,os,art,0
286,sábados,n,0
286,dos,v-pcp,0
286,últimos,adj,0
286,meses,n,0
286,do,adj,0
286,ano,n,0
286,vivíamos,v-fin,0
286,grandes,adj,0
286,festas,n,0
286,.,.,0
287,Não,prop,0
287,faltava,v-fin,0
287,diversão,n,0
287,em,prp,0
287,nossa,pron-det,0
287,comunidade,n,0
287,",",",",0
287,principalmente,adv,0
287,quando,adv,0
287,dos,v-pcp,0
287,preparativos,adj,0
287,para,prp,0
287,o,art,0
287,carnaval,n,0
287,.,.,0
288,Era,v-fin,0
288,a,art,0
288,tradição,n,0
288,carioca,adj,0
288,presente,adj,0
288,no,adj,0
288,Noia.Os,adj,0
288,bailes,v-fin,0
288,nos,pron-pers,0
288,clubes,n,0
288,dos,v-pcp,0
288,bairros,n,0
288,circunvizinhos,adj,0
288,e,conj-c,0
288,as,art,0
288,festas,n,0
288,organizadas,v-pcp,0
288,na,adv,0
288,casa,n,0
288,da,adj,0
288,galera,v-fin,0
288,também,adv,0
288,animavam,v-fin,0
288,nosso,pron-det,0
288,cotidiano,n,0
288,.,.,0
289,Eram,v-fin,0
289,as,art,0
289,festas,n,0
289,para,prp,0
289,dançar,v-inf,0
289,.,.,0
290,A,art,0
290,música,n,0
290,predominante,adj,0
290,nesses,adj,0
290,bailes,prop,0
290,era,v-fin,0
290,o,art,0
290,funk,n,0
290,",",",",0
290,mas,conj-c,0
290,também,adv,0
290,era,v-fin,0
290,proporcionada,v-pcp,0
290,aos,adv,0
290,casais,adj,0
290,a,art,0
290,opção,n,0
290,de,prp,0
290,dançarem,v-inf,0
290,agarradinhos,n,0
290,com,prp,0
290,as,art,0
290,músicas,n,0
290,lentas,adj,0
290,e,conj-c,0
290,",",",",0
290,aí,adv,0
290,",",",",0
290,formavam-se,v-fin,0
290,as,art,0
290,paqueras.Dançar,v-inf,0
290,uma,art,0
290,música,n,0
290,lenta,adj,0
290,com,prp,0
290,uma,art,0
290,garota,n,0
290,cheirosa,adj,0
290,constituía-se,v-fin,0
290,na,pron-pers,0
290,melhor,adj,0
290,parte,n,0
290,da,adj,0
290,festa,n,0
290,e,conj-c,0
290,não,adv,0
290,era,v-fin,0
290,tarefa,n,0
290,fácil,adj,0
290,.,.,0
291,Encontrar,v-inf,0
291,uma,art,0
291,moça,n,0
291,para,prp,0
291,dançar,v-inf,0
291,colada,v-pcp,0
291,no,adv,0
291,corpo,n,0
291,",",",",0
291,principalmente,adv,0
291,para,prp,0
291,quem,pron-indp,0
291,já,adv,0
291,havia,v-fin,0
291,dançado,v-pcp,0
291,funk,n,0
291,e,conj-c,0
291,estava,v-fin,0
291,totalmente,adv,0
291,suado,v-pcp,0
291,",",",",0
291,exigia,n,0
291,muita,pron-det,0
291,paciência,n,0
291,e,conj-c,0
291,competência,n,0
291,.,.,0
292,E,prop,0
292,eu,pron-pers,0
292,nunca,adv,0
292,desistia,v-fin,0
292,",",",",0
292,ﬁ,prop,0
292,cava,v-fin,0
292,rondando,v-ger,0
292,o,art,0
292,salão,n,0
292,até,prp,0
292,que,conj-s,0
292,uma,art,0
292,menina,n,0
292,se,pron-pers,0
292,propusesse,v-fin,0
292,a,prp,0
292,encostar,v-inf,0
292,o,art,0
292,corpo,n,0
292,em,prp,0
292,um,art,0
292,rapaz,n,0
292,molhado,v-pcp,0
292,de,prp,0
292,suor,prop,0
292,.,.,0
293,O,art,0
293,Varandão,prop,0
293,era,v-fin,0
293,o,art,0
293,clube,n,0
293,mais,adv,0
293,perto,adj,0
293,do,n,0
293,Noia,prop,0
293,",",",",0
293,localizado,v-pcp,0
293,a,prp,0
293,uns,pron-det,0
293,dois,num,0
293,mil,num,0
293,metros,n,0
293,de,prp,0
293,nossa,pron-det,0
293,rua,n,0
293,",",",",0
293,em,prp,0
293,um,art,0
293,bairro,n,0
293,vizinho,adj,0
293,.,.,0
294,Era,v-fin,0
294,o,art,0
294,palco,n,0
294,principal,adj,0
294,das,v-pcp,0
294,apresentações,n,0
294,do,adj,0
294,nosso,pron-det,0
294,grupo,n,0
294,de,prp,0
294,dança,n,0
294,de,prp,0
294,rua,n,0
294,",",",",0
294,quando,adv,0
294,",",",",0
294,nas,adj,0
294,noites,n,0
294,de,prp,0
294,domingo,n,0
294,",",",",0
294,íamos,v-fin,0
294,",",",",0
294,eu,pron-pers,0
294,",",",",0
294,Quincão,prop,0
294,",",",",0
294,Miguelão,prop,0
294,e,conj-c,0
294,Ciço,prop,0
294,",",",",0
294,mostrar,v-inf,0
294,os,art,0
294,passos,n,0
294,coreográﬁ,v-fin,0
294,cos,adj,0
294,ensaiados,v-pcp,0
294,no,prp,0
294,meio,adj,0
294,da,n,0
294,Rua,adj,0
294,Nossa,v-fin,0
294,Senhora,n,0
294,dos,v-pcp,0
294,Navegantes,adj,0
294,.,.,0
295,Se,conj-s,0
295,a,art,0
295,dança,n,0
295,nos,pron-pers,0
295,proporcionava,v-fin,0
295,participar,v-inf,0
295,de,prp,0
295,concursos,n,0
295,",",",",0
295,o,pron-det,0
295,que,pron-indp,0
295,nos,pron-pers,0
295,motivava,v-fin,0
295,mesmo,adv,0
295,era,v-fin,0
295,a,art,0
295,possibilidade,n,0
295,de,prp,0
295,nos,pron-pers,0
295,mostrarmos,v-fin,0
295,nos,pron-pers,0
295,bailes,n,0
295,para,prp,0
295,chamar,v-inf,0
295,a,art,0
295,atenção,n,0
295,da,adj,0
295,mulherada.Existiam,v-fin,0
295,as,art,0
295,festas,n,0
295,que,pron-indp,0
295,nós,pron-pers,0
295,mesmos,pron-det,0
295,inventávamos,v-fin,0
295,.,.,0
296,O,art,0
296,grupo,n,0
296,elegia,v-fin,0
296,a,art,0
296,casa,n,0
296,de,prp,0
296,um,art,0
296,dos,n,0
296,que,pron-indp,0
296,tinha,v-fin,0
296,mais,pron-det,0
296,liberdade,n,0
296,com,prp,0
296,os,art,0
296,pais,n,0
296,e,conj-c,0
296,colocávamos,v-fin,0
296,o,art,0
296,som,n,0
296,.,.,0
297,As,prop,0
297,moças,n,0
297,responsabilizavam-se,v-fin,0
297,por,prp,0
297,levar,v-inf,0
297,o,pron-det,0
297,que,pron-indp,0
297,comer,v-fin,0
297,e,conj-c,0
297,os,art,0
297,marmanjos,n,0
297,tinham,v-fin,0
297,a,art,0
297,incumbência,n,0
297,de,prp,0
297,arranjar,v-inf,0
297,o,art,0
297,birinaite,n,0
297,.,.,0
298,Desse,v-fin,0
298,modo,n,0
298,",",",",0
298,a,art,0
298,farra,prop,0
298,estava,v-fin,0
298,garantida,v-pcp,0
298,.,.,0
299,Dançávamos,v-fin,0
299,até,prp,0
299,altas,n,0
299,horas,n,0
299,",",",",0
299,a,art,0
299,paquera,n,0
299,rolava,v-fin,0
299,solta,adv,0
299,",",",",0
299,os,art,0
299,mais,adv,0
299,felizardos,v-pcp,0
299,namoravam,v-fin,0
299,pra,prp,0
299,valer,n,0
299,e,conj-c,0
299,outros,pron-det,0
299,iam,v-fin,0
299,apenas,adv,0
299,para,prp,0
299,comer,v-inf,0
299,e,conj-c,0
299,beber,v-inf,0
299,.,.,0
300,Em,v-fin,0
300,algumas,pron-det,0
300,oportunidades,n,0
300,",",",",0
300,ocorriam,v-fin,0
300,festas,n,0
300,de,prp,0
300,aniversário,n,0
300,",",",",0
300,que,pron-indp,0
300,eram,v-fin,0
300,as,art,0
300,melhores,adj,0
300,",",",",0
300,principalmente,adv,0
300,quando,adv,0
300,tinha,v-fin,0
300,alguma,pron-det,0
300,moça,n,0
300,debutando,v-ger,0
300,.,.,0
301,O,art,0
301,costume,n,0
301,do,adj,0
301,lugar,n,0
301,mandava,v-fin,0
301,que,conj-s,0
301,a,art,0
301,família,n,0
301,patrocinasse,v-fin,0
301,aquela,pron-det,0
301,coisa,n,0
301,cafona,v-fin,0
301,:,adv,0
301,vestido,v-pcp,0
301,longo,prop,0
301,",",",",0
301,cheio,adj,0
301,de,prp,0
301,babados,n,0
301,e,conj-c,0
301,fedendo,v-ger,0
301,a,art,0
301,mofo,n,0
301,",",",",0
301,e,conj-c,0
301,os,art,0
301,quinze,num,0
301,casais,n,0
301,dançando,v-ger,0
301,valsa,n,0
301,",",",",0
301,mais,adv,0
301,parecendo,v-ger,0
301,um,art,0
301,monte,n,0
301,de,prp,0
301,jarros,n,0
301,de,prp,0
301,estante,n,0
301,.,.,0
302,Nunca,prop,0
302,gostei,v-fin,0
302,de,prp,0
302,dançar,v-inf,0
302,valsa,n,0
302,.,.,0
303,O,pron-det,0
303,que,pron-indp,0
303,eu,pron-pers,0
303,achava,v-fin,0
303,legal,prop,0
303,era,v-fin,0
303,apostar,v-inf,0
303,com,prp,0
303,os,art,0
303,outros,pron-det,0
303,afoitos,n,0
303,moços,adj,0
303,quem,pron-indp,0
303,dançaria,v-fin,0
303,primeiro,adv,0
303,uma,art,0
303,música,n,0
303,com,prp,0
303,a,art,0
303,aniversariante,n,0
303,e,conj-c,0
303,",",",",0
303,quem,pron-indp,0
303,sabe,v-fin,0
303,",",",",0
303,arrancava-lhe,v-fin,0
303,um,art,0
303,beijo.Como,n,0
303,dito,adj,0
303,",",",",0
303,não,adv,0
303,fui,v-fin,0
303,um,art,0
303,grande,adj,0
303,jogador,n,0
303,de,prp,0
303,futebol,n,0
303,",",",",0
303,nunca,adv,0
303,toquei,v-fin,0
303,qualquer,pron-det,0
303,instrumento,n,0
303,",",",",0
303,dinheiro,n,0
303,só,adv,0
303,tive,v-fin,0
303,em,prp,0
303,sonho,n,0
303,e,conj-c,0
303,criminoso,adj,0
303,apenas,adv,0
303,fui,v-fin,0
303,em,prp,0
303,pesadelos,n,0
303,",",",",0
303,mas,conj-c,0
303,consegui,v-fin,0
303,me,pron-pers,0
303,inserir,v-inf,0
303,na,adj,0
303,comunidade,n,0
303,dançando,v-ger,0
303,e,conj-c,0
303,brincando,v-ger,0
303,muito,adv,0
303,nas,adv,0
303,nossas,adj,0
303,festas.O,n,0
303,Jardim,adj,0
303,Noia,prop,0
303,",",",",0
303,no,v-fin,0
303,período,n,0
303,em,prp,0
303,que,pron-indp,0
303,estivemos,v-fin,0
303,por,prp,0
303,lá,adv,0
303,",",",",0
303,era,v-fin,0
303,um,art,0
303,bairro,n,0
303,tão,adv,0
303,ruim,adj,0
303,",",",",0
303,tão,adv,0
303,mal,adv,0
303,localizado,v-pcp,0
303,",",",",0
303,fedorento,n,0
303,e,conj-c,0
303,enlameado,v-pcp,0
303,",",",",0
303,que,conj-s,0
303,os,art,0
303,grandes,adj,0
303,empreendedores,n,0
303,da,v-fin,0
303,produção,n,0
303,e,conj-c,0
303,distribuição,n,0
303,do,v-fin,0
303,inebriante,adv,0
303,pó,n,0
303,branco,adj,0
303,avaliavam,v-fin,0
303,o,art,0
303,lugar,n,0
303,como,adv,0
303,impróprio,adj,0
303,para,prp,0
303,a,art,0
303,instalação,n,0
303,de,prp,0
303,seus,pron-det,0
303,projetos,n,0
303,top,adj,0
303,line,prop,0
303,.,.,0
304,Nosso,adv,0
304,bairro,n,0
304,",",",",0
304,porém,adv,0
304,",",",",0
304,tinha,v-fin,0
304,lá,adv,0
304,sua,pron-det,0
304,serventia,n,0
304,para,prp,0
304,os,art,0
304,negócios,n,0
304,de,prp,0
304,menor,adj,0
304,importância,n,0
304,na,adj,0
304,cadeia,v-fin,0
304,alimentar,v-inf,0
304,da,n,0
304,hierarquia,adj,0
304,criminosa,adj,0
304,da,adj,0
304,sociedade,n,0
304,carioca,adj,0
304,.,.,0
305,Colaborávamos,v-fin,0
305,no,adv,0
305,tráﬁ,n,0
305,co,adj,0
305,do,adj,0
305,Rio,n,0
305,de,prp,0
305,Janeiro,n,0
305,com,prp,0
305,a,art,0
305,produção,n,0
305,e,conj-c,0
305,formação,n,0
305,de,prp,0
305,mão-de-obra,n,0
305,especializada,v-pcp,0
305,para,prp,0
305,o,art,0
305,crime,n,0
305,.,.,0
306,O,art,0
306,exemplo,n,0
306,mais,adv,0
306,paradigmático,adj,0
306,do,v-fin,0
306,que,conj-s,0
306,digo,v-fin,0
306,veriﬁ,v-fin,0
306,ca-se,n,0
306,na,pron-pers,0
306,constante,adj,0
306,presença,n,0
306,de,prp,0
306,ex-moradores,n,0
306,do,adj,0
306,Noia,adj,0
306,entre,prp,0
306,os,art,0
306,gerentes,n,0
306,dos,v-pcp,0
306,principais,adj,0
306,morros,n,0
306,onde,adv,0
306,se,pron-pers,0
306,desenvolve,v-fin,0
306,o,art,0
306,negócio,n,0
306,do,adj,0
306,tráﬁ,v-fin,0
306,co,prop,0
306,.,.,0
307,Essas,adj,0
307,crias,n,0
307,de,prp,0
307,nosso,pron-det,0
307,bairro,n,0
307,",",",",0
307,que,pron-indp,0
307,ascendem,v-fin,0
307,na,adv,0
307,proﬁ,adj,0
307,ssão,n,0
307,de,prp,0
307,negociante,n,0
307,de,prp,0
307,pó,n,0
307,branco,prop,0
307,",",",",0
307,via,n,0
307,de,prp,0
307,regra,n,0
307,",",",",0
307,ainda,adv,0
307,hoje,adv,0
307,",",",",0
307,descansam,v-fin,0
307,no,pron-pers,0
307,Noia,n,0
307,.,.,0
308,Não,v-fin,0
308,que,conj-s,0
308,eu,pron-pers,0
308,considere,v-fin,0
308,o,art,0
308,Jardim,n,0
308,Noia,v-fin,0
308,um,art,0
308,bom,adj,0
308,spa,n,0
308,",",",",0
308,mas,conj-c,0
308,",",",",0
308,em,prp,0
308,certa,pron-det,0
308,medida,n,0
308,",",",",0
308,oferece,v-fin,0
308,boas,adj,0
308,condições,n,0
308,de,prp,0
308,esconderijo,prop,0
308,",",",",0
308,proporcionando,v-ger,0
308,aos,n,0
308,bem,adv,0
308,sucedidos,v-pcp,0
308,executivos,adj,0
308,do,n,0
308,pó,v-fin,0
308,um,art,0
308,local,n,0
308,seguro,adj,0
308,e,conj-c,0
308,ameno,adj,0
308,para,prp,0
308,acalmar,v-inf,0
308,a,art,0
308,adrenalina,n,0
308,e,conj-c,0
308,dissipar,v-inf,0
308,a,art,0
308,tensão,n,0
308,contraída,v-pcp,0
308,em,prp,0
308,tão,adv,0
308,emocionante,adv,0
308,e,conj-c,0
308,estressante,adv,0
308,cotidiano,adj,0
308,proﬁ,prop,0
308,ssional.O,v-fin,0
308,principal,adj,0
308,serviço,n,0
308,prestado,v-pcp,0
308,pelos,n,0
308,técnicos,adj,0
308,de,prp,0
308,viração,n,0
308,do,adj,0
308,Noia,prop,0
308,era,v-fin,0
308,roubo,n,0
308,e,conj-c,0
308,depena,n,0
308,de,prp,0
308,carros,n,0
308,",",",",0
308,ou,conj-c,0
308,seja,v-fin,0
308,",",",",0
308,os,art,0
308,veículos,n,0
308,roubados,v-pcp,0
308,vinham,v-fin,0
308,para,prp,0
308,o,art,0
308,desmonte,n,0
308,em,prp,0
308,nossa,pron-det,0
308,quebrada,n,0
308,e,conj-c,0
308,se,pron-pers,0
308,transformavam,v-fin,0
308,em,prp,0
308,incremento,n,0
308,no,adj,0
308,segmento,n,0
308,de,prp,0
308,autopeças,n,0
308,.,.,0
309,Não,prop,0
309,eram,v-fin,0
309,carros,n,0
309,importados,v-pcp,0
309,ou,conj-c,0
309,de,prp,0
309,luxo,n,0
309,",",",",0
309,o,art,0
309,nicho,n,0
309,de,prp,0
309,mercado,n,0
309,dos,v-pcp,0
309,nossos,pron-det,0
309,malandros,n,0
309,especializados,v-pcp,0
309,era,v-fin,0
309,composto,v-pcp,0
309,de,prp,0
309,carros,n,0
309,fora-de-linha,adj,0
309,e,conj-c,0
309,cujas,adj,0
309,peças,n,0
309,ajudavam,v-fin,0
309,na,adj,0
309,superação,n,0
309,das,v-pcp,0
309,diﬁ,v-fin,0
309,culdades,n,0
309,de,prp,0
309,reposição,n,0
309,no,adj,0
309,mercado,n,0
309,de,prp,0
309,consertos,n,0
309,para,prp,0
309,carros,n,0
309,usados,v-pcp,0
309,.,.,0
310,Outro,n,0
310,aspecto,n,0
310,interessante,adj,0
310,para,prp,0
310,análise,n,0
310,residia,v-fin,0
310,no,adj,0
310,fato,n,0
310,de,prp,0
310,esse,pron-det,0
310,bairro,n,0
310,",",",",0
310,apesar,v-inf,0
310,de,prp,0
310,suas,pron-det,0
310,peculiares,n,0
310,características,n,0
310,de,prp,0
310,produção,n,0
310,de,prp,0
310,recursos,n,0
310,para,prp,0
310,criminalidade,n,0
310,",",",",0
310,não,adv,0
310,se,pron-pers,0
310,tornar,v-inf,0
310,um,art,0
310,dos,n,0
310,inúmeros,adj,0
310,pontos,n,0
310,de,prp,0
310,distribuição,n,0
310,de,prp,0
310,drogas,n,0
310,do,adj,0
310,Rio,prop,0
310,.,.,0
311,O,pron-det,0
311,que,pron-indp,0
311,se,pron-pers,0
311,via,v-fin,0
311,com,prp,0
311,frequência,n,0
311,",",",",0
311,e,conj-c,0
311,até,adv,0
311,com,prp,0
311,certa,pron-det,0
311,naturalidade,n,0
311,",",",",0
311,era,v-fin,0
311,a,art,0
311,venda,n,0
311,de,prp,0
311,maconha,n,0
311,que,pron-indp,0
311,",",",",0
311,geralmente,adv,0
311,",",",",0
311,servia,v-fin,0
311,aos,n,0
311,consumidores,adj,0
311,locais,adj,0
311,e,conj-c,0
311,avizinhados.O,adj,0
311,grande,adj,0
311,lance,n,0
311,que,pron-indp,0
311,enchia,v-fin,0
311,os,art,0
311,olhos,n,0
311,dos,v-pcp,0
311,aprendizes,adj,0
311,de,prp,0
311,Bichos,n,0
311,Soltos,n,0
311,era,v-fin,0
311,que,conj-s,0
311,esses,pron-det,0
311,caras,n,0
311,conseguiam,v-fin,0
311,prestígio,n,0
311,",",",",0
311,aceitação,n,0
311,",",",",0
311,respeito,n,0
311,",",",",0
311,medo,n,0
311,e,conj-c,0
311,obediência,n,0
311,",",",",0
311,em,prp,0
311,pouco,pron-det,0
311,tempo,n,0
311,de,prp,0
311,existência,n,0
311,.,.,0
312,Designados,v-pcp,0
312,de,prp,0
312,valentões,n,0
312,e,conj-c,0
312,impondo,v-ger,0
312,respeito,n,0
312,pelo,adj,0
312,calibre,adj,0
312,da,prop,0
312,arma,v-fin,0
312,que,conj-s,0
312,carregavam,v-fin,0
312,amarrada,v-pcp,0
312,à,adv,0
312,cintura,n,0
312,–,adj,0
312,viviam,v-fin,0
312,",",",",0
312,geralmente,adv,0
312,",",",",0
312,até,prp,0
312,os,art,0
312,35,num,0
312,anos,n,0
312,–,adj,0
312,no,adj,0
312,início,n,0
312,do,adj,0
312,século,n,0
312,XXI,adj,0
312,",",",",0
312,as,art,0
312,últimas,adj,0
312,pesquisas,n,0
312,indicam,v-fin,0
312,que,conj-s,0
312,eles,pron-pers,0
312,batem,v-fin,0
312,o,art,0
312,paletó,n,0
312,antes,adv,0
312,de,prp,0
312,completar,v-inf,0
312,25,num,0
312,anos,n,0
312,.,.,0
313,Isso,v-fin,0
313,considerando,v-ger,0
313,o,art,0
313,criminoso,n,0
313,comum,adj,0
313,",",",",0
313,não,adv,0
313,as,art,0
313,grandes,adj,0
313,estrelas,n,0
313,",",",",0
313,com,prp,0
313,quem,pron-indp,0
313,nunca,adv,0
313,tive,v-fin,0
313,contato.Diante,adv,0
313,desse,v-fin,0
313,mundo,n,0
313,sedutor,adj,0
313,e,conj-c,0
313,contraditório,adj,0
313,",",",",0
313,a,art,0
313,turma,n,0
313,se,pron-pers,0
313,virava,v-fin,0
313,como,adv,0
313,podia,n,0
313,.,.,0
314,Alguns,n,0
314,pivetes,adj,0
314,vendiam,v-fin,0
314,picolés,prop,0
314,",",",",0
314,o,art,0
314,Tio,n,0
314,Jotão,prop,0
314,chegou,v-fin,0
314,a,prp,0
314,inventar,v-inf,0
314,uma,art,0
314,fabriqueta,n,0
314,de,prp,0
314,picolés,n,0
314,e,conj-c,0
314,sorvetes,n,0
314,que,pron-indp,0
314,os,art,0
314,meus,pron-det,0
314,irmãos,n,0
314,mais,adv,0
314,jovens,adj,0
314,vendiam,v-fin,0
314,para,prp,0
314,descolar,v-inf,0
314,um,art,0
314,troco,n,0
314,.,.,0
315,O,art,0
315,Gago,prop,0
315,e,conj-c,0
315,o,art,0
315,Binha,prop,0
315,venderam,v-fin,0
315,jornal,n,0
315,no,adj,0
315,centro,n,0
315,de,prp,0
315,Duque,n,0
315,de,prp,0
315,Caxias,n,0
315,–,adj,0
315,município,adj,0
315,vizinho,n,0
315,.,.,0
316,Alguns,prop,0
316,trabalhavam,v-fin,0
316,de,prp,0
316,sinaleiros,n,0
316,para,prp,0
316,a,art,0
316,boca,n,0
316,de,prp,0
316,fumo,n,0
316,que,pron-indp,0
316,se,pron-pers,0
316,radicava,v-fin,0
316,no,adv,0
316,ﬁ,adj,0
316,m,n,0
316,da,adj,0
316,rua,n,0
316,",",",",0
316,próximo,adj,0
316,ao,prp,0
316,Campo,v-inf,0
316,do,adv,0
316,Jurema,adj,0
316,.,.,0
317,Com,prop,0
317,a,art,0
317,função,n,0
317,de,prp,0
317,avisar,v-inf,0
317,quando,adv,0
317,a,art,0
317,polícia,n,0
317,estava,v-fin,0
317,por,prp,0
317,vir,v-inf,0
317,",",",",0
317,eles,pron-pers,0
317,usavam,v-fin,0
317,códigos,n,0
317,que,pron-indp,0
317,podiam,v-fin,0
317,ser,v-inf,0
317,por,prp,0
317,intermédio,n,0
317,de,prp,0
317,uma,art,0
317,pipa,n,0
317,dibicada,v-pcp,0
317,–,n,0
317,colocando-a,num,0
317,para,prp,0
317,os,art,0
317,lados,n,0
317,ou,conj-c,0
317,para,prp,0
317,baixo,adv,0
317,–,n,0
317,sobre,prp,0
317,a,art,0
317,casa,n,0
317,onde,adv,0
317,se,pron-pers,0
317,localizava,v-fin,0
317,a,art,0
317,boca,n,0
317,ou,conj-c,0
317,usavam,v-fin,0
317,assovios,n,0
317,e,conj-c,0
317,palavras,n,0
317,de,prp,0
317,ordem,n,0
317,",",",",0
317,como,adv,0
317,",",",",0
317,por,prp,0
317,exemplo,n,0
317,:,adj,0
317,“,adj,0
317,Olha,v-fin,0
317,a,art,0
317,Portela,n,0
317,na,adj,0
317,área,n,0
317,”,prop,0
317,",",",",0
317,quando,adv,0
317,se,pron-pers,0
317,tratava,v-fin,0
317,da,pp,0
317,Polícia,n,0
317,Militar,adj,0
317,",",",",0
317,pois,conj-s,0
317,o,art,0
317,carro,n,0
317,desses,adj,0
317,policiais,adj,0
317,era,v-fin,0
317,geralmente,adv,0
317,azul,adj,0
317,e,conj-c,0
317,branco,prop,0
317,",",",",0
317,as,art,0
317,mesmas,pron-det,0
317,cores,n,0
317,da,v-fin,0
317,escola,n,0
317,de,prp,0
317,samba,n,0
317,do,adj,0
317,bairro,n,0
317,de,prp,0
317,Madureira,prop,0
317,;,;,0
317,o,art,0
317,grito,n,0
317,ainda,adv,0
317,podia,v-fin,0
317,ser,v-inf,0
317,:,adj,0
317,“,adj,0
317,Botafogo,prop,0
317,",",",",0
317,Botafogo,prop,0
317,!,!,0
317,”,prop,0
317,",",",",0
317,o,pron-det,0
317,que,pron-indp,0
317,queria,v-fin,0
317,dizer,v-inf,0
317,Polícia,n,0
317,Civil,adj,0
317,",",",",0
317,pelo,adj,0
317,mesmo,adv,0
317,motivo,n,0
317,das,v-pcp,0
317,cores,n,0
317,.,.,0
318,Tanto,adv,0
318,o,art,0
318,time,n,0
318,quanto,adv,0
318,os,art,0
318,carros,n,0
318,desses,adj,0
318,policiais,adj,0
318,eram,v-fin,0
318,preto,adj,0
318,e,conj-c,0
318,branco,adj,0
318,.,.,0
319,Muitos,n,0
319,pré-adolescentes,adj,0
319,e,conj-c,0
319,adolescentes,adj,0
319,trabalhavam,v-fin,0
319,bem,adv,0
319,mais,adv,0
319,duro,adj,0
319,que,conj-s,0
319,os,art,0
319,vendedores,n,0
319,e,conj-c,0
319,sinaleiros,n,0
319,.,.,0
320,Uma,num,0
320,parte,n,0
320,signiﬁ,adj,0
320,cativa,adj,0
320,dos,v-pcp,0
320,guris,adj,0
320,fazia,v-fin,0
320,bicos,adj,0
320,na,adj,0
320,construção,n,0
320,civil,adj,0
320,",",",",0
320,eram,v-fin,0
320,ajudantes,n,0
320,de,prp,0
320,pedreiros,n,0
320,ou,conj-c,0
320,serventes,n,0
320,de,prp,0
320,obra,n,0
320,",",",",0
320,eu,pron-pers,0
320,mesmo,adv,0
320,cheguei,v-fin,0
320,a,prp,0
320,ser,v-inf,0
320,servente,adv,0
320,do,adj,0
320,Tio,n,0
320,Jotão,adj,0
320,.,.,0
321,Não,prop,0
321,posso,v-fin,0
321,deixar,v-inf,0
321,de,prp,0
321,lhes,pron-pers,0
321,contar,v-inf,0
321,sobre,prp,0
321,a,art,0
321,meninada,n,0
321,que,pron-indp,0
321,catava,v-fin,0
321,lata,n,0
321,velha,adj,0
321,",",",",0
321,juntava,v-fin,0
321,garrafa,prop,0
321,ou,conj-c,0
321,descascava,v-fin,0
321,ﬁ,adv,0
321,os,pron-det,0
321,de,prp,0
321,cobre,n,0
321,que,pron-indp,0
321,",",",",0
321,para,prp,0
321,valer,v-inf,0
321,mais,adv,0
321,",",",",0
321,eram,v-fin,0
321,enrolados,v-pcp,0
321,em,prp,0
321,volta,n,0
321,de,prp,0
321,uma,art,0
321,pedra,n,0
321,para,prp,0
321,adquirir,v-inf,0
321,maior,adj,0
321,peso,n,0
321,ao,prp,0
321,ser,v-inf,0
321,vendido,v-pcp,0
321,no,adv,0
321,ferro,n,0
321,velho.Os,adj,0
321,moleques,n,0
321,menos,adv,0
321,necessitados,v-pcp,0
321,juntavam,v-fin,0
321,toda,pron-det,0
321,parafernália,n,0
321,possível,adj,0
321,e,conj-c,0
321,",",",",0
321,em,prp,0
321,vez,n,0
321,de,prp,0
321,trocar,v-inf,0
321,no,adv,0
321,ferro,n,0
321,velho,adj,0
321,por,prp,0
321,migalhas,n,0
321,de,prp,0
321,dinheiro,n,0
321,",",",",0
321,preferiam,v-fin,0
321,transformá-la,n,0
321,em,prp,0
321,pintos,n,0
321,.,.,0
322,Isso,v-fin,0
322,mesmo,adv,0
322,",",",",0
322,faziam,v-fin,0
322,um,art,0
322,escambo,n,0
322,com,prp,0
322,o,art,0
322,seu,pron-det,0
322,Zé,n,0
322,do,adj,0
322,Burro,v-fin,0
322,pelos,adj,0
322,ﬁ,adj,0
322,lhotes,adj,0
322,das,v-pcp,0
322,galinhas.O,v-fin,0
322,interessante,adj,0
322,dessa,v-inf,0
322,parte,n,0
322,da,adj,0
322,história,n,0
322,era,v-fin,0
322,que,conj-s,0
322,o,art,0
322,seu,pron-det,0
322,Zé,n,0
322,do,adj,0
322,Burro,adj,0
322,tingia,v-fin,0
322,os,art,0
322,pequenos,adj,0
322,pintos,n,0
322,para,prp,0
322,fazer,v-inf,0
322,a,art,0
322,criançada,n,0
322,acreditar,v-inf,0
322,que,conj-s,0
322,os,art,0
322,bichos,n,0
322,eram,v-fin,0
322,de,prp,0
322,raça,n,0
322,e,conj-c,0
322,não,adv,0
322,de,prp,0
322,granja,n,0
322,.,.,0
323,Quando,v-ger,0
323,o,art,0
323,referido,v-pcp,0
323,empenado,v-pcp,0
323,começava,v-fin,0
323,a,prp,0
323,mudar,v-inf,0
323,de,prp,0
323,cor,n,0
323,",",",",0
323,era,v-fin,0
323,aquela,pron-det,0
323,frustração,n,0
323,.,.,0
324,Geralmente,adv,0
324,",",",",0
324,o,art,0
324,dono,n,0
324,da,v-fin,0
324,pequena,adj,0
324,ave,v-inf,0
324,a,art,0
324,abandonava,v-fin,0
324,nos,pron-pers,0
324,matagais,adj,0
324,da,v-fin,0
324,quebrada,v-pcp,0
324,.,.,0
325,Nesse,v-fin,0
325,caso,n,0
325,",",",",0
325,a,art,0
325,exceção,n,0
325,ﬁ,adj,0
325,ca,v-fin,0
325,para,prp,0
325,o,art,0
325,nosso,pron-det,0
325,irmãozinho,n,0
325,Terra,v-fin,0
325,Quente,adv,0
325,que,conj-s,0
325,",",",",0
325,ao,prp,0
325,se,pron-pers,0
325,ver,v-inf,0
325,trapaceado,v-pcp,0
325,",",",",0
325,vingava-se,v-fin,0
325,no,pron-pers,0
325,ﬁ,adj,0
325,lhote,n,0
325,de,prp,0
325,galo,n,0
325,",",",",0
325,decepandolhe,v-fin,0
325,a,art,0
325,cabeça,n,0
325,.,.,0
326,Com,v-fin,0
326,o,art,0
326,passar,v-inf,0
326,de,prp,0
326,uma,art,0
326,ou,conj-c,0
326,duas,num,0
326,semanas,n,0
326,",",",",0
326,normalmente,adv,0
326,",",",",0
326,os,art,0
326,pintos,n,0
326,morriam,v-fin,0
326,de,prp,0
326,fome,n,0
326,",",",",0
326,de,prp,0
326,frio,n,0
326,ou,conj-c,0
326,de,prp,0
326,alguma,pron-det,0
326,peste,n,0
326,que,pron-indp,0
326,já,adv,0
326,os,pron-pers,0
326,acompanhava,v-fin,0
326,.,.,0
327,Às,prop,0
327,vezes,n,0
327,e,conj-c,0
327,muito,adv,0
327,raramente,adv,0
327,",",",",0
327,escapava,v-fin,0
327,um,art,0
327,infeliz,adj,0
327,bichinho.Nessa,adj,0
327,idade,n,0
327,",",",",0
327,um,art,0
327,grande,adj,0
327,dilema,n,0
327,começava,v-fin,0
327,a,prp,0
327,existir,v-inf,0
327,na,n,0
327,cabeça,n,0
327,dos,v-pcp,0
327,meninos,adv,0
327,",",",",0
327,principalmente,adv,0
327,",",",",0
327,os,art,0
327,mais,adv,0
327,necessitados,v-pcp,0
327,:,adv,0
327,“,v-fin,0
327,Que,prp,0
327,caminho,n,0
327,seguir,v-inf,0
327,?,?,0
327,”,prop,0
327,.,.,0
328,Inicialmente,adv,0
328,",",",",0
328,as,art,0
328,opções,n,0
328,eram,v-fin,0
328,muito,adv,0
328,pouco,pron-det,0
328,generosas,adj,0
328,.,.,0
329,Se,conj-s,0
329,por,prp,0
329,um,art,0
329,lado,n,0
329,os,art,0
329,adultos-heróis,n,0
329,do,v-fin,0
329,dia-adia,v-fin,0
329,conseguiam,v-fin,0
329,com,prp,0
329,muito,adv,0
329,sacrifício,prp,0
329,ganhar,v-inf,0
329,um,art,0
329,salário,n,0
329,de,prp,0
329,miséria,n,0
329,para,prp,0
329,suprir,v-inf,0
329,as,art,0
329,necessidades,n,0
329,alimentares,adj,0
329,imediatas,adj,0
329,",",",",0
329,do,v-fin,0
329,outro,pron-det,0
329,",",",",0
329,víamos,v-fin,0
329,com,prp,0
329,muita,pron-det,0
329,frequência,n,0
329,os,art,0
329,criminosos,n,0
329,que,pron-indp,0
329,repousavam,v-fin,0
329,no,adv,0
329,Noia,n,0
329,",",",",0
329,ou,conj-c,0
329,mesmo,adv,0
329,os,pron-det,0
329,que,pron-indp,0
329,lá,adv,0
329,agiam,v-fin,0
329,",",",",0
329,como,adv,0
329,era,v-fin,0
329,o,art,0
329,caso,n,0
329,do,v-fin,0
329,Mazinho,prop,0
329,",",",",0
329,desﬁ,v-fin,0
329,larem,v-inf,0
329,com,prp,0
329,tremendos,pron-det,0
329,carrões,n,0
329,",",",",0
329,acompanhados,v-pcp,0
329,de,prp,0
329,mulheres,n,0
329,lindíssimas,adj,0
329,",",",",0
329,portadoras,n,0
329,de,prp,0
329,pernas,n,0
329,compridas,v-pcp,0
329,iguais,adj,0
329,às,adv,0
329,das,v-pcp,0
329,atrizes,pp,0
329,que,conj-s,0
329,passam,v-fin,0
329,nas,adj,0
329,novelas,adj,0
329,da,adj,0
329,Rede,v-fin,0
329,Globo.Nossos,adj,0
329,migrantes,n,0
329,mantenedores,adj,0
329,morriam,v-fin,0
329,por,prp,0
329,volta,n,0
329,de,prp,0
329,cinquenta,n,0
329,e,conj-c,0
329,cinco,num,0
329,anos,n,0
329,",",",",0
329,de,prp,0
329,pneumonia,prop,0
329,–,v-fin,0
329,doença,n,0
329,adquirida,v-pcp,0
329,na,n,0
329,prática,adj,0
329,de,prp,0
329,",",",",0
329,em,prp,0
329,plena,adj,0
329,madrugada,n,0
329,",",",",0
329,carregar,v-inf,0
329,carne,n,0
329,congelada,v-pcp,0
329,nas,adv,0
329,costas,v-pcp,0
329,–,v-fin,0
329,cirrose,n,0
329,",",",",0
329,câncer,v-inf,0
329,ou,conj-c,0
329,alguma,pron-det,0
329,infecção,n,0
329,contraída,v-fin,0
329,nos,pron-pers,0
329,fornos,n,0
329,das,v-pcp,0
329,padarias,adj,0
329,da,adj,0
329,Central,adj,0
329,do,adj,0
329,Brasil,prop,0
329,",",",",0
329,em,prp,0
329,geral,adj,0
329,",",",",0
329,de,prp,0
329,proprietários,n,0
329,portugueses,adj,0
329,.,.,0
330,Ou,prop,0
330,",",",",0
330,ainda,adv,0
330,",",",",0
330,fatalmente,adv,0
330,nossos,pron-det,0
330,mantenedores,n,0
330,acidentavam-se,v-fin,0
330,em,prp,0
330,algum,pron-det,0
330,canteiro,n,0
330,de,prp,0
330,obra,n,0
330,",",",",0
330,sem,prp,0
330,ao,prp,0
330,menos,pron-det,0
330,ter,v-inf,0
330,direito,v-pcp,0
330,a,prp,0
330,uma,art,0
330,estrofe,n,0
330,de,prp,0
330,Buarque,n,0
330,:,adj,0
330,nem,conj-c,0
330,o,art,0
330,trânsito,n,0
330,atrapalhar,prop,0
330,.,.,0
331,São,v-fin,0
331,homens,n,0
331,e,conj-c,0
331,mulheres,n,0
331,que,pron-indp,0
331,chegam,v-fin,0
331,ao,prp,0
331,ﬁ,v-inf,0
331,m,n,0
331,da,adj,0
331,vida,n,0
331,sem,prp,0
331,ter,v-inf,0
331,tido,v-pcp,0
331,o,art,0
331,direito,n,0
331,a,prp,0
331,um,art,0
331,momento,n,0
331,de,prp,0
331,glória,prop,0
331,",",",",0
331,recheado,v-pcp,0
331,do,v-fin,0
331,tilintar,v-inf,0
331,de,prp,0
331,moedas,n,0
331,",",",",0
331,sem,prp,0
331,reconhecimento,n,0
331,social,adj,0
331,",",",",0
331,nenhum,pron-det,0
331,status.Os,n,0
331,meninos,adj,0
331,e,conj-c,0
331,meninas,adj,0
331,do,v-fin,0
331,Noia,prop,0
331,",",",",0
331,e,conj-c,0
331,sinto,adv,0
331,conﬁ,v-fin,0
331,denciar-lhes,n,0
331,que,pron-indp,0
331,eu,pron-pers,0
331,não,adv,0
331,fui,v-fin,0
331,exceção,n,0
331,à,adv,0
331,regra,adj,0
331,",",",",0
331,nos,pron-pers,0
331,imaginávamos,v-fin,0
331,com,prp,0
331,aquelas,pron-det,0
331,mulheres,n,0
331,lindas,v-pcp,0
331,",",",",0
331,dirigindo,v-ger,0
331,carros,n,0
331,novos,adj,0
331,",",",",0
331,com,prp,0
331,todo,pron-det,0
331,mundo,n,0
331,nos,pron-pers,0
331,respeitando,v-ger,0
331,e,conj-c,0
331,devendo,v-ger,0
331,obediência,n,0
331,.,.,0
332,Eu,prop,0
332,também,adv,0
332,quis,v-fin,0
332,isso,pron-indp,0
332,.,.,0
333,O,pron-det,0
333,que,pron-indp,0
333,eu,pron-pers,0
333,não,adv,0
333,queria,v-fin,0
333,era,v-fin,0
333,ser,v-inf,0
333,um,art,0
333,servente,n,0
333,de,prp,0
333,pedreiro,n,0
333,",",",",0
333,limpador,n,0
333,de,prp,0
333,chão,n,0
333,",",",",0
333,ou,conj-c,0
333,lavador,n,0
333,de,prp,0
333,carro,n,0
333,para,prp,0
333,que,conj-s,0
333,as,art,0
333,pessoas,n,0
333,tivessem,v-fin,0
333,piedade,n,0
333,de,prp,0
333,mim,pron-pers,0
333,e,conj-c,0
333,me,pron-pers,0
333,dessem,v-fin,0
333,uns,pron-det,0
333,complacentes,adj,0
333,centavos,n,0
333,de,prp,0
333,gorjeta,n,0
333,ou,conj-c,0
333,de,prp,0
333,esmola.Nos,n,0
333,dias,n,0
333,atuais,adj,0
333,",",",",0
333,quando,adv,0
333,nos,pron-pers,0
333,reunimos,v-fin,0
333,eu,pron-pers,0
333,",",",",0
333,meus,pron-det,0
333,irmãos,n,0
333,",",",",0
333,nossos,pron-det,0
333,ﬁ,n,0
333,lhos,adj,0
333,não-nascidos,v-pcp,0
333,no,pron-pers,0
333,Noia,prop,0
333,",",",",0
333,juntamente,adv,0
333,com,prp,0
333,os,art,0
333,mais,adv,0
333,velhos,adj,0
333,",",",",0
333,que,pron-indp,0
333,também,adv,0
333,não,adv,0
333,nasceram,v-fin,0
333,lá,adv,0
333,",",",",0
333,é,v-fin,0
333,inevitável,adj,0
333,o,art,0
333,surgimento,n,0
333,de,prp,0
333,algum,pron-det,0
333,assunto,n,0
333,que,pron-indp,0
333,nos,pron-pers,0
333,remeta,v-fin,0
333,àquele,adv,0
333,bairro.Um,n,0
333,de,prp,0
333,nossos,pron-det,0
333,últimos,adj,0
333,encontros,n,0
333,foi,v-fin,0
333,paradigmático,adj,0
333,",",",",0
333,revelador,n,0
333,",",",",0
333,cheio,adj,0
333,de,prp,0
333,contradições,n,0
333,e,conj-c,0
333,conﬂ,v-fin,0
333,itos,n,0
333,.,.,0
334,Posso,v-fin,0
334,iniciar,v-inf,0
334,essa,pron-det,0
334,fase,n,0
334,da,adj,0
334,história,adj,0
334,lhes,pron-pers,0
334,dizendo,v-ger,0
334,que,conj-s,0
334,a,art,0
334,maior,adj,0
334,marca,n,0
334,de,prp,0
334,nossa,pron-det,0
334,família,n,0
334,é,v-fin,0
334,a,art,0
334,paixão,n,0
334,e,conj-c,0
334,o,art,0
334,conﬂ,n,0
334,ito,adj,0
334,.,.,0
335,Desde,prop,0
335,que,pron-indp,0
335,tenho,v-fin,0
335,condições,n,0
335,de,prp,0
335,racionalizar,v-inf,0
335,algo,pron-indp,0
335,sobre,prp,0
335,os,art,0
335,entes,n,0
335,que,pron-indp,0
335,me,pron-pers,0
335,criaram,v-fin,0
335,e,conj-c,0
335,os,pron-det,0
335,que,pron-indp,0
335,foram,v-fin,0
335,criados,v-pcp,0
335,comigo,n,0
335,",",",",0
335,posso,v-fin,0
335,aﬁ,prop,0
335,rmar,v-inf,0
335,que,conj-s,0
335,estas,pron-det,0
335,são,v-fin,0
335,as,art,0
335,duas,num,0
335,características,n,0
335,principais.Num,adj,0
335,domingo,n,0
335,de,prp,0
335,agosto,n,0
335,",",",",0
335,quando,adv,0
335,comercialmente,adv,0
335,impõem-se,v-fin,0
335,as,art,0
335,comemorações,n,0
335,dos,v-pcp,0
335,dias,n,0
335,dos,v-pcp,0
335,pais,n,0
335,",",",",0
335,nos,pron-pers,0
335,reunimos,v-fin,0
335,todos,pron-det,0
335,.,.,0
336,Almoço,n,0
336,regado,v-pcp,0
336,a,art,0
336,galinha,n,0
336,caipira,prop,0
336,",",",",0
336,cerveja,prop,0
336,",",",",0
336,cachaça,n,0
336,",",",",0
336,água,n,0
336,fresca,adj,0
336,e,conj-c,0
336,sombra,prop,0
336,.,.,0
337,Podemos,v-fin,0
337,dizer,v-inf,0
337,que,conj-s,0
337,",",",",0
337,do,v-fin,0
337,ponto,n,0
337,de,prp,0
337,vista,n,0
337,material,adj,0
337,e,conj-c,0
337,considerando-se,v-fin,0
337,os,art,0
337,padrões,n,0
337,atuais,adj,0
337,das,v-pcp,0
337,famílias,n,0
337,de,prp,0
337,classe,n,0
337,média,adj,0
337,",",",",0
337,nosso,pron-det,0
337,almoço,n,0
337,apresentou,v-fin,0
337,características,n,0
337,absolutamente,adv,0
337,convencionais,adj,0
337,.,.,0
338,Entretanto,prop,0
338,",",",",0
338,se,pron-pers,0
338,passarmos,v-fin,0
338,para,prp,0
338,o,art,0
338,aspecto,n,0
338,emocional,adj,0
338,",",",",0
338,aﬁ,v-fin,0
338,rmo,n,0
338,que,conj-s,0
338,extrapolamos,v-fin,0
338,todas,pron-det,0
338,as,art,0
338,normas,n,0
338,de,prp,0
338,convivência,n,0
338,familiar,adj,0
338,.,.,0
339,Todos,v-pcp,0
339,nós,pron-pers,0
339,",",",",0
339,sem,prp,0
339,exceção,n,0
339,",",",",0
339,choramos,v-fin,0
339,copiosamente,adv,0
339,por,prp,0
339,motivos,n,0
339,que,pron-indp,0
339,estão,v-fin,0
339,na,prop,0
339,nossa,pron-det,0
339,história.Há,prop,0
339,cinquenta,v-fin,0
339,anos,n,0
339,atrás,adv,0
339,",",",",0
339,era,v-fin,0
339,impossível,adj,0
339,fazermos,v-inf,0
339,um,art,0
339,evento,n,0
339,como,adv,0
339,esse,pron-det,0
339,.,.,0
340,As,v-fin,0
340,condições,n,0
340,materiais,adj,0
340,não,adv,0
340,possibilitavam,v-fin,0
340,.,.,0
341,Aﬁ,n,0
341,nal,adj,0
341,",",",",0
341,alguns,pron-det,0
341,dos,v-pcp,0
341,personagens,n,0
341,que,pron-indp,0
341,hoje,adv,0
341,enchem,v-fin,0
341,nossos,pron-det,0
341,olhos,n,0
341,de,prp,0
341,lágrimas,n,0
341,por,prp,0
341,discussões,n,0
341,sérias,adj,0
341,ou,conj-c,0
341,fúteis,adj,0
341,",",",",0
341,quando,adv,0
341,habitam,v-fin,0
341,o,art,0
341,interior,n,0
341,da,adj,0
341,Paraíba,prop,0
341,",",",",0
341,dividiam-se,prop,0
341,",",",",0
341,em,prp,0
341,plena,adj,0
341,adolescência,n,0
341,",",",",0
341,entre,prp,0
341,pedir,v-inf,0
341,esmolas,n,0
341,ou,conj-c,0
341,quebrar,v-inf,0
341,paralelepípedos,v-pcp,0
341,para,prp,0
341,construção,n,0
341,de,prp,0
341,rodagens,n,0
341,",",",",0
341,o,pron-det,0
341,que,pron-indp,0
341,no,v-fin,0
341,ﬁ,prop,0
341,m,adv,0
341,do,v-fin,0
341,mês,n,0
341,possibilitavam-lhes,n,0
341,uma,art,0
341,feira,n,0
341,para,prp,0
341,ajudar,v-inf,0
341,na,adj,0
341,manutenção,n,0
341,familiar,adj,0
341,.,.,0
342,Se,conj-s,0
342,uma,art,0
342,família,n,0
342,não,adv,0
342,pode,v-fin,0
342,se,conj-s,0
342,considerar,v-inf,0
342,como,adv,0
342,tal,pron-det,0
342,",",",",0
342,se,conj-s,0
342,não,adv,0
342,puder,v-fin,0
342,se,conj-s,0
342,divertir,v-inf,0
342,junto,adv,0
342,",",",",0
342,se,conj-s,0
342,proteger,v-fin,0
342,junto,adv,0
342,",",",",0
342,ser,v-inf,0
342,diferente,adj,0
342,estando,v-ger,0
342,junto,adv,0
342,",",",",0
342,não,adv,0
342,é,v-fin,0
342,uma,art,0
342,família,n,0
342,.,.,0
343,Considero,v-fin,0
343,que,conj-s,0
343,a,art,0
343,nossa,pron-det,0
343,",",",",0
343,na,v-fin,0
343,melhor,adj,0
343,deﬁ,adj,0
343,nição,n,0
343,da,adj,0
343,palavra,n,0
343,",",",",0
343,é,v-fin,0
343,uma,art,0
343,família,n,0
343,porque,conj-s,0
343,é,v-fin,0
343,conﬂ,adj,0
343,ituosa,adj,0
343,.,.,0
344,Nossa,v-fin,0
344,preocupação,n,0
344,uns,pron-det,0
344,com,prp,0
344,os,art,0
344,outros,pron-det,0
344,e,conj-c,0
344,o,art,0
344,conﬂ,n,0
344,ito,adj,0
344,são,v-fin,0
344,as,art,0
344,garantias,n,0
344,contraditórias,adj,0
344,",",",",0
344,ímpares,prop,0
344,e,conj-c,0
344,inquestionáveis,adj,0
344,do,n,0
344,amor,v-fin,0
344,que,conj-s,0
344,nos,pron-pers,0
344,rodeia.A,v-fin,0
344,matriarca,n,0
344,da,adj,0
344,família,n,0
344,e,conj-c,0
344,ente,adv,0
344,mais,adv,0
344,lembrada,v-pcp,0
344,nesses,adj,0
344,encontros,n,0
344,",",",",0
344,dona,v-fin,0
344,Cassiana,prop,0
344,",",",",0
344,era,v-fin,0
344,uma,art,0
344,mulher,n,0
344,de,prp,0
344,aparência,n,0
344,física,adj,0
344,frágil,prop,0
344,",",",",0
344,portadora,n,0
344,de,prp,0
344,bronquite,n,0
344,asmática,adj,0
344,",",",",0
344,vivia,v-fin,0
344,fungando,v-ger,0
344,e,conj-c,0
344,limpando,v-ger,0
344,o,art,0
344,nariz,n,0
344,.,.,0
345,Baixinha,prop,0
345,",",",",0
345,com,prp,0
345,a,art,0
345,pele,n,0
345,mesclada,v-pcp,0
345,pela,adj,0
345,miscigenação,n,0
345,",",",",0
345,tinha,v-fin,0
345,cabelos,n,0
345,pretos,adj,0
345,",",",",0
345,lisos,adj,0
345,",",",",0
345,grossos,adj,0
345,",",",",0
345,olhos,art,0
345,grandes,adj,0
345,e,conj-c,0
345,negros,adj,0
345,como,adv,0
345,as,art,0
345,penas,n,0
345,de,prp,0
345,uma,art,0
345,graúna,n,0
345,.,.,0
346,De,adj,0
346,sensibilidade,n,0
346,assustadora,adj,0
346,",",",",0
346,era,v-fin,0
346,cheia,adj,0
346,de,prp,0
346,mandingas,n,0
346,e,conj-c,0
346,acertava,v-fin,0
346,palpites,n,0
346,com,prp,0
346,frequência,n,0
346,",",",",0
346,além,prop,0
346,de,prp,0
346,rezar,v-inf,0
346,muito,adv,0
346,.,.,0
347,Ela,prop,0
347,parecia,v-fin,0
347,uma,art,0
347,criança,n,0
347,quando,adv,0
347,nos,pron-pers,0
347,abraçava,v-fin,0
347,e,conj-c,0
347,beijava,v-fin,0
347,nosso,pron-det,0
347,pescoço,n,0
347,e,conj-c,0
347,era,v-fin,0
347,apaixonada,v-pcp,0
347,até,prp,0
347,a,art,0
347,unha,prop,0
347,do,v-fin,0
347,pé,n,0
347,pelo,adj,0
347,nosso,pron-det,0
347,avô,n,0
347,",",",",0
347,o,art,0
347,negrão,n,0
347,Isidro,prop,0
347,.,.,0
348,Sabia,v-fin,0
348,que,conj-s,0
348,os,art,0
348,seus,pron-det,0
348,muitos,pron-det,0
348,pirralhos,n,0
348,não,adv,0
348,atendiam,v-fin,0
348,ao,prp,0
348,padrão,n,0
348,de,prp,0
348,beleza,n,0
348,imposto,v-pcp,0
348,pelo,adj,0
348,mundo,n,0
348,judaico-cristão,prop,0
348,e,conj-c,0
348,greco-romano,prop,0
348,",",",",0
348,portanto,adv,0
348,",",",",0
348,procurava,v-fin,0
348,proteger-nos,n,0
348,dizendo,v-ger,0
348,:,prop,0
348,“,v-fin,0
348,A,art,0
348,sua,pron-det,0
348,maior,adj,0
348,beleza,n,0
348,ninguém,pron-indp,0
348,pode,v-fin,0
348,ver,v-inf,0
348,",",",",0
348,só,adv,0
348,você,pron-pers,0
348,sabe,v-fin,0
348,que,conj-s,0
348,ela,pron-pers,0
348,existe,v-fin,0
348,",",",",0
348,sua,pron-det,0
348,beleza,n,0
348,está,v-fin,0
348,dentro,adv,0
348,de,prp,0
348,você,pron-pers,0
348,",",",",0
348,seja,v-fin,0
348,feliz,adj,0
348,por,prp,0
348,isso,pron-indp,0
348,”,v-fin,0
348,.A,adj,0
348,mãe,n,0
348,de,prp,0
348,minha,pron-det,0
348,mãe,n,0
348,era,v-fin,0
348,poeta,n,0
348,e,conj-c,0
348,acreditava,v-fin,0
348,que,conj-s,0
348,os,art,0
348,poetas,n,0
348,viam,v-fin,0
348,o,art,0
348,mundo,n,0
348,por,prp,0
348,cima,prop,0
348,",",",",0
348,beijavam,v-fin,0
348,como,adv,0
348,mordiam,n,0
348,e,conj-c,0
348,sonhavam,v-fin,0
348,até,adv,0
348,de,prp,0
348,dia,n,0
348,",",",",0
348,pois,conj-s,0
348,eram,v-fin,0
348,maiores,adj,0
348,.,.,0
349,Se,conj-s,0
349,os,art,0
349,psicanalistas,n,0
349,estão,v-fin,0
349,certos,adj,0
349,e,conj-c,0
349,se,pron-pers,0
349,eu,pron-pers,0
349,tive,v-fin,0
349,",",",",0
349,como,adv,0
349,todo,pron-det,0
349,homem,n,0
349,",",",",0
349,um,art,0
349,complexo,n,0
349,de,prp,0
349,Édipo,prop,0
349,",",",",0
349,este,pron-det,0
349,foi,v-fin,0
349,",",",",0
349,sem,prp,0
349,dúvida,n,0
349,",",",",0
349,por,prp,0
349,essa,pron-det,0
349,mulher,n,0
349,",",",",0
349,que,pron-indp,0
349,me,pron-pers,0
349,criou,v-fin,0
349,desde,prp,0
349,o,art,0
349,nascimento,n,0
349,",",",",0
349,causando-me,v-fin,0
349,a,art,0
349,necessária,adj,0
349,sensação,n,0
349,de,prp,0
349,ﬁ,n,0
349,lho,adj,0
349,legítimo,adj,0
349,.,.,0
350,Antes,n,0
350,de,prp,0
350,me,pron-pers,0
350,ensinar,v-inf,0
350,qualquer,pron-det,0
350,coisa,n,0
350,sobre,prp,0
350,o,art,0
350,mundo,n,0
350,",",",",0
350,ensinou-me,v-fin,0
350,a,pron-pers,0
350,mais,adv,0
350,bela,adj,0
350,de,prp,0
350,todas,pron-det,0
350,as,art,0
350,lições,n,0
350,:,v-fin,0
350,a,art,0
350,diﬁ,adj,0
350,culdade,n,0
350,de,prp,0
350,um,art,0
350,girino,n,0
350,em,prp,0
350,sair,v-inf,0
350,da,n,0
350,lama,adj,0
350,e,conj-c,0
350,a,art,0
350,persistência,n,0
350,da,adj,0
350,lagarta,adj,0
350,em,prp,0
350,subir,v-inf,0
350,numa,art,0
350,árvore,n,0
350,para,prp,0
350,olhar,v-inf,0
350,o,art,0
350,mundo,n,0
350,por,prp,0
350,cima,prop,0
350,.,.,0
351,Os,art,0
351,cheiros,n,0
351,que,pron-indp,0
351,ela,pron-pers,0
351,dava,v-fin,0
351,embaixo,adv,0
351,de,prp,0
351,meu,pron-det,0
351,cangote,n,0
351,toda,pron-det,0
351,vez,n,0
351,que,pron-indp,0
351,me,pron-pers,0
351,banhava,v-fin,0
351,",",",",0
351,ﬁ,v-fin,0
351,zeram-me,v-fin,0
351,ver,v-inf,0
351,a,art,0
351,beleza,n,0
351,de,prp,0
351,perfumar-me,n,0
351,e,conj-c,0
351,de,prp,0
351,perfumar,prop,0
351,.,.,0
352,Foi,adv,0
352,com,prp,0
352,vovó,n,0
352,que,pron-indp,0
352,aprendi,v-fin,0
352,a,art,0
352,voar,n,0
352,como,adv,0
352,Fernão,n,0
352,Capelo,adj,0
352,Gaivota,n,0
352,.,.,0
353,Foi,v-fin,0
353,escutando-a,v-fin,0
353,sussurrar,v-inf,0
353,em,prp,0
353,meu,pron-det,0
353,ouvido,n,0
353,“,v-fin,0
353,que,conj-s,0
353,a,art,0
353,borboleta,n,0
353,é,v-fin,0
353,uma,art,0
353,lagarta,n,0
353,que,pron-indp,0
353,aprendeu,v-fin,0
353,a,art,0
353,voar,n,0
353,”,prop,0
353,",",",",0
353,que,pron-indp,0
353,voei,v-fin,0
353,tudo,pron-indp,0
353,que,conj-s,0
353,a,art,0
353,idade,n,0
353,me,pron-pers,0
353,permitiu,v-fin,0
353,.,.,0
354,Crer,v-inf,0
354,nessa,adv,0
354,metamorfose,n,0
354,mostrou-me,adj,0
354,que,pron-indp,0
354,só,adv,0
354,a,art,0
354,mudança,n,0
354,podia,v-fin,0
354,me,pron-pers,0
354,levar,v-inf,0
354,a,prp,0
354,sonhar,v-inf,0
354,com,prp,0
354,a,art,0
354,liberdade,n,0
354,de,prp,0
354,voar,n,0
354,e,conj-c,0
354,",",",",0
354,desse,v-fin,0
354,jeito,prop,0
354,",",",",0
354,o,art,0
354,caminho,n,0
354,do,adj,0
354,céu,v-fin,0
354,tornar-se-ia,n,0
354,inevitável,adj,0
354,para,prp,0
354,mim.Seu,v-inf,0
354,Isidro,n,0
354,teve,v-fin,0
354,participação,n,0
354,ímpar,adj,0
354,em,prp,0
354,nossa,pron-det,0
354,formação,n,0
354,.,.,0
355,Garantia,n,0
355,que,pron-indp,0
355,ﬁ,v-fin,0
355,cássemos,v-fin,0
355,presos,n,0
355,culturalmente,adv,0
355,à,adj,0
355,Paraíba,prop,0
355,–,adj,0
355,memória,n,0
355,",",",",0
355,religiosidade,n,0
355,",",",",0
355,música,n,0
355,",",",",0
355,culinária,v-fin,0
355,–,prop,0
355,aos,v-fin,0
355,costumes,n,0
355,do,adj,0
355,nosso,pron-det,0
355,lugar,n,0
355,e,conj-c,0
355,ao,prp,0
355,imaginário,n,0
355,simbólico,adj,0
355,da,v-fin,0
355,família,n,0
355,.,.,0
356,O,art,0
356,negrão,prop,0
356,era,v-fin,0
356,alto,adj,0
356,",",",",0
356,magro,prop,0
356,",",",",0
356,elegante,adv,0
356,",",",",0
356,andar,v-inf,0
356,macio,prop,0
356,",",",",0
356,levemente,adv,0
356,calvo,adj,0
356,",",",",0
356,braços,n,0
356,longos,adj,0
356,",",",",0
356,bigode,n,0
356,ﬁ,v-fin,0
356,no,adv,0
356,",",",",0
356,pintado,v-pcp,0
356,com,prp,0
356,lápis,prop,0
356,preto,adj,0
356,do,adj,0
356,estojo,n,0
356,de,prp,0
356,maquiagem,n,0
356,das,v-pcp,0
356,minhas,pron-det,0
356,tias,n,0
356,",",",",0
356,sorriso,n,0
356,largo,adj,0
356,e,conj-c,0
356,malicioso,adj,0
356,.,.,0
357,Quando,v-ger,0
357,o,art,0
357,velho,adj,0
357,soltava,v-fin,0
357,o,art,0
357,riso,n,0
357,",",",",0
357,o,pron-det,0
357,que,pron-indp,0
357,não,adv,0
357,era,v-fin,0
357,raro,adj,0
357,",",",",0
357,procurava,v-fin,0
357,mostrar,v-inf,0
357,discretamente,adv,0
357,sua,pron-det,0
357,prótese,n,0
357,de,prp,0
357,ouro,n,0
357,no,adj,0
357,dente,adv,0
357,incisivo,adj,0
357,central,n,0
357,direito,adj,0
357,.,.,0
358,Ele,prop,0
358,era,v-fin,0
358,um,art,0
358,paquerador,n,0
358,nato,adj,0
358,e,conj-c,0
358,incorrigível,adj,0
358,",",",",0
358,característica,adj,0
358,",",",",0
358,por,prp,0
358,certo,pron-det,0
358,",",",",0
358,que,pron-indp,0
358,deixava,v-fin,0
358,vovó,n,0
358,enfurecida,v-pcp,0
358,da,adv,0
358,vida,n,0
358,.,.,0
359,Patriarca,prop,0
359,da,v-fin,0
359,nossa,pron-det,0
359,família,n,0
359,",",",",0
359,sempre,adv,0
359,guardou,v-fin,0
359,uma,art,0
359,mágoa,n,0
359,racista,adj,0
359,e,conj-c,0
359,ridícula,n,0
359,contra,prp,0
359,as,art,0
359,pessoas,n,0
359,de,prp,0
359,sua,pron-det,0
359,própria,adj,0
359,cor,n,0
359,.,.,0
360,Profetizava,v-fin,0
360,ele,pron-pers,0
360,",",",",0
360,com,prp,0
360,alguma,pron-det,0
360,frequência,n,0
360,:,adj,0
360,“,v-fin,0
360,O,art,0
360,Rio,prop,0
360,não,adv,0
360,presta,v-fin,0
360,porque,adv,0
360,tem,v-fin,0
360,muito,adv,0
360,crioulo,adj,0
360,”,adj,0
360,.,.,0
361,Esse,v-fin,0
361,racismo,n,0
361,",",",",0
361,nada,pron-indp,0
361,mais,adv,0
361,é,v-fin,0
361,do,adj,0
361,que,conj-s,0
361,a,art,0
361,reprodução,n,0
361,",",",",0
361,dentro,adv,0
361,de,prp,0
361,minha,pron-det,0
361,casa,n,0
361,",",",",0
361,das,v-pcp,0
361,ideias,n,0
361,dominantes,adj,0
361,da,adj,0
361,sociedade,n,0
361,brasileira,adj,0
361,que,pron-indp,0
361,teimam,v-fin,0
361,em,prp,0
361,se,pron-pers,0
361,manter,v-inf,0
361,como,adv,0
361,verdades,n,0
361,universais,adj,0
361,.,.,0
362,Essas,adj,0
362,ideias,n,0
362,insustentáveis,adj,0
362,continuam,v-fin,0
362,vivas,adj,0
362,",",",",0
362,até,prp,0
362,hoje,adv,0
362,",",",",0
362,entre,prp,0
362,os,art,0
362,meus,pron-det,0
362,entes,n,0
362,queridos,v-pcp,0
362,.,.,0
363,Minha,prop,0
363,mãe,n,0
363,e,conj-c,0
363,Tia,n,0
363,Pilá,prop,0
363,",",",",0
363,por,prp,0
363,exemplo,n,0
363,",",",",0
363,de,prp,0
363,vez,n,0
363,em,prp,0
363,quando,adv,0
363,",",",",0
363,em,prp,0
363,pleno,adj,0
363,século,n,0
363,vinte,adj,0
363,e,conj-c,0
363,um,num,0
363,e,conj-c,0
363,mesmo,adv,0
363,debaixo,adv,0
363,dos,v-pcp,0
363,protestos,n,0
363,dos,v-pcp,0
363,ﬁ,adv,0
363,lhos,prop,0
363,",",",",0
363,ainda,adv,0
363,saem,v-fin,0
363,com,prp,0
363,suas,pron-det,0
363,inaceitáveis,n,0
363,anedotas,adj,0
363,contra,prp,0
363,os,art,0
363,pretos,n,0
363,.,.,0
364,Encontro,prop,0
364,",",",",0
364,misturados,v-pcp,0
364,na,adj,0
364,história,n,0
364,de,prp,0
364,vida,n,0
364,dos,v-pcp,0
364,meus,pron-det,0
364,avós,n,0
364,",",",",0
364,alguns,pron-det,0
364,elementos,n,0
364,que,pron-indp,0
364,podem,v-fin,0
364,ser,v-inf,0
364,usados,v-pcp,0
364,para,prp,0
364,explicar,v-inf,0
364,essa,pron-det,0
364,xenofobia.O,n,0
364,negrão,v-fin,0
364,Isidro,prop,0
364,nasceu,v-fin,0
364,no,adv,0
364,início,n,0
364,da,pp,0
364,década,v-pcp,0
364,de,prp,0
364,1920,num,0
364,",",",",0
364,período,n,0
364,em,prp,0
364,que,pron-indp,0
364,a,art,0
364,elite,n,0
364,brasileira,adj,0
364,importava,v-fin,0
364,mão-de-obra,n,0
364,europeia,adj,0
364,com,prp,0
364,a,art,0
364,descarada,n,0
364,",",",",0
364,atrasada,v-pcp,0
364,e,conj-c,0
364,antiquada,v-pcp,0
364,ideia,n,0
364,do,adj,0
364,embranquecimento,n,0
364,que,pron-indp,0
364,",",",",0
364,ideologicamente,adv,0
364,",",",",0
364,nos,pron-pers,0
364,remete,v-fin,0
364,à,adv,0
364,união,n,0
364,de,prp,0
364,embranquecer,v-inf,0
364,com,prp,0
364,esquecer.Não,n,0
364,foi,v-fin,0
364,criado,v-pcp,0
364,pelos,n,0
364,pais,n,0
364,biológicos,adj,0
364,.,.,0
365,Filho,n,0
365,de,prp,0
365,uma,art,0
365,ex-escrava,n,0
365,com,prp,0
365,um,art,0
365,capitão,n,0
365,do,adj,0
365,mato,n,0
365,",",",",0
365,ainda,adv,0
365,bebê,prop,0
365,",",",",0
365,foi,v-fin,0
365,doado,v-pcp,0
365,para,prp,0
365,uma,art,0
365,família,n,0
365,branca,adj,0
365,",",",",0
365,no,adv,0
365,interior,n,0
365,da,adj,0
365,Paraíba.Seu,v-fin,0
365,pai,n,0
365,de,prp,0
365,criação,n,0
365,",",",",0
365,fazendeiro,n,0
365,",",",",0
365,tinha,v-fin,0
365,quatro,num,0
365,ﬁ,n,0
365,lhos,adj,0
365,biológicos,adj,0
365,.,.,0
366,Quando,v-ger,0
366,morreu,prop,0
366,",",",",0
366,deixou,v-fin,0
366,uma,art,0
366,herança,n,0
366,para,prp,0
366,ser,v-inf,0
366,dividida,v-pcp,0
366,em,prp,0
366,partes,n,0
366,iguais,adj,0
366,entre,prp,0
366,os,art,0
366,cinco,num,0
366,ﬁ,n,0
366,lhos,adj,0
366,:,v-fin,0
366,um,art,0
366,engenheiro,n,0
366,",",",",0
366,um,art,0
366,oﬁ,n,0
366,cial,adj,0
366,do,v-fin,0
366,exército,n,0
366,brasileiro,adj,0
366,",",",",0
366,um,art,0
366,médico,n,0
366,",",",",0
366,um,art,0
366,advogado,n,0
366,e,conj-c,0
366,o,art,0
366,meu,pron-det,0
366,avô,n,0
366,",",",",0
366,analfabeto,n,0
366,funcional,adj,0
366,.,.,0
367,O,art,0
367,fazendeiro,n,0
367,queria,v-fin,0
367,partir,v-inf,0
367,em,prp,0
367,paz,n,0
367,.,.,0
368,Além,prop,0
368,de,prp,0
368,se,pron-pers,0
368,declarar,v-inf,0
368,não-racista,adj,0
368,",",",",0
368,inﬂ,v-fin,0
368,uenciado,v-pcp,0
368,",",",",0
368,quem,pron-indp,0
368,sabe,v-fin,0
368,",",",",0
368,pela,v-fin,0
368,tradição,n,0
368,das,v-pcp,0
368,indulgências,adj,0
368,da,n,0
368,era,v-fin,0
368,medieval,adj,0
368,",",",",0
368,pensou,v-fin,0
368,que,conj-s,0
368,encontraria,v-fin,0
368,o,art,0
368,caminho,n,0
368,do,v-fin,0
368,céu,n,0
368,com,prp,0
368,atitude,n,0
368,de,prp,0
368,tal,pron-det,0
368,envergadura,n,0
368,.,.,0
369,Assim,adv,0
369,",",",",0
369,como,adv,0
369,rezava,v-fin,0
369,no,adj,0
369,testamento,n,0
369,do,adj,0
369,falecido,v-pcp,0
369,",",",",0
369,sua,pron-det,0
369,fazenda,n,0
369,foi,v-fin,0
369,dividida,v-pcp,0
369,em,prp,0
369,cinco,num,0
369,partes,n,0
369,",",",",0
369,todas,pron-det,0
369,na,adv,0
369,região,n,0
369,do,adj,0
369,Brejo,adj,0
369,paraibano,adj,0
369,",",",",0
369,localidade,n,0
369,boa,adj,0
369,para,prp,0
369,o,art,0
369,plantio,n,0
369,de,prp,0
369,frutas,n,0
369,e,conj-c,0
369,hortaliças,n,0
369,",",",",0
369,que,pron-indp,0
369,",",",",0
369,diferente,adj,0
369,de,prp,0
369,outras,pron-det,0
369,áreas,n,0
369,do,v-fin,0
369,estado,v-pcp,0
369,",",",",0
369,chove,v-fin,0
369,boa,adj,0
369,parte,n,0
369,do,adj,0
369,ano,n,0
369,",",",",0
369,sendo,v-ger,0
369,úmida,adj,0
369,",",",",0
369,com,prp,0
369,áreas,n,0
369,alagadas,v-pcp,0
369,",",",",0
369,por,prp,0
369,este,pron-det,0
369,motivo,n,0
369,o,art,0
369,nome,n,0
369,:,prop,0
369,Brejo,prop,0
369,paraibano.Esse,v-fin,0
369,ato,n,0
369,de,prp,0
369,doação,n,0
369,tornou-se,adj,0
369,memorável,adj,0
369,e,conj-c,0
369,contou,v-fin,0
369,com,prp,0
369,a,art,0
369,presença,n,0
369,das,v-pcp,0
369,principais,adj,0
369,autoridades,n,0
369,do,adj,0
369,lugar,n,0
369,",",",",0
369,como,adv,0
369,o,art,0
369,delegado,n,0
369,",",",",0
369,o,art,0
369,prefeito,n,0
369,",",",",0
369,o,art,0
369,tabelião,n,0
369,e,conj-c,0
369,o,art,0
369,padre,n,0
369,que,pron-indp,0
369,",",",",0
369,ao,prp,0
369,dar,v-inf,0
369,a,prp,0
369,extrema-unção,n,0
369,ao,prp,0
369,moribundo,prop,0
369,",",",",0
369,proferiu,v-fin,0
369,as,art,0
369,seguintes,adj,0
369,palavras,n,0
369,:,adj,0
369,“,prop,0
369,São,v-fin,0
369,atitudes,n,0
369,como,adv,0
369,essas,pron-det,0
369,que,pron-indp,0
369,garantem,v-fin,0
369,a,prp,0
369,um,art,0
369,ser,v-inf,0
369,a,art,0
369,luz,n,0
369,necessária,adj,0
369,da,adj,0
369,salvação,n,0
369,!,!,0
369,”,v-fin,0
369,.O,n,0
369,religioso,adj,0
369,e,conj-c,0
369,os,art,0
369,demais,pron-det,0
369,poderosos,adj,0
369,do,adj,0
369,lugar,n,0
369,tinham,v-fin,0
369,como,adv,0
369,condição,n,0
369,de,prp,0
369,sobrevivência,n,0
369,manter,v-inf,0
369,viva,n,0
369,a,art,0
369,ideia,n,0
369,de,prp,0
369,piedade,n,0
369,por,prp,0
369,sobre,prp,0
369,a,art,0
369,cruenta,n,0
369,denúncia,n,0
369,que,pron-indp,0
369,aquele,pron-det,0
369,ato,n,0
369,escondia,adj,0
369,.,.,0
370,O,art,0
370,pobre,n,0
370,do,prop,0
370,negrinho,adj,0
370,Isidro,adj,0
370,carregaria,v-fin,0
370,em,prp,0
370,sua,pron-det,0
370,vida,n,0
370,",",",",0
370,daquele,v-fin,0
370,dia,n,0
370,em,prp,0
370,diante,n,0
370,",",",",0
370,juntamente,adv,0
370,com,prp,0
370,sua,pron-det,0
370,herança,n,0
370,",",",",0
370,grande,adj,0
370,diﬁ,adj,0
370,culdade,n,0
370,",",",",0
370,qual,pron-det,0
370,seja,v-fin,0
370,",",",",0
370,administrar,v-inf,0
370,seu,pron-det,0
370,pedaço,n,0
370,de,prp,0
370,chão,n,0
370,apenas,adv,0
370,com,prp,0
370,a,art,0
370,força,n,0
370,do,adj,0
370,seu,pron-det,0
370,trabalho.Enquanto,n,0
370,seus,pron-det,0
370,irmãos,n,0
370,de,prp,0
370,criação,n,0
370,eram,v-fin,0
370,educados,v-pcp,0
370,nas,adj,0
370,melhores,adj,0
370,escolas,n,0
370,da,adj,0
370,capital,adj,0
370,do,adj,0
370,estado,n,0
370,",",",",0
370,conseguindo,v-ger,0
370,com,prp,0
370,talento,n,0
370,e,conj-c,0
370,brilhantismo,n,0
370,atingir,v-inf,0
370,posições,n,0
370,de,prp,0
370,destaque,n,0
370,",",",",0
370,o,art,0
370,crioulo,n,0
370,ﬁ,adj,0
370,cara,v-fin,0
370,cuidando,v-ger,0
370,da,adv,0
370,roça,n,0
370,.,.,0
371,Nos,prop,0
371,ﬁ,v-fin,0
371,nais,adj,0
371,de,prp,0
371,semana,n,0
371,e,conj-c,0
371,nas,adj,0
371,férias,n,0
371,escolares,adj,0
371,",",",",0
371,quando,adv,0
371,os,art,0
371,irmãos,n,0
371,brancos,adj,0
371,chegavam,v-fin,0
371,à,adv,0
371,fazenda,n,0
371,",",",",0
371,podiam,v-fin,0
371,usufruir,v-inf,0
371,todas,pron-det,0
371,as,art,0
371,benesses,n,0
371,possíveis,adj,0
371,daquela,v-fin,0
371,terra,n,0
371,fértil,adj,0
371,e,conj-c,0
371,produtiva,adj,0
371,",",",",0
371,roçada,v-pcp,0
371,e,conj-c,0
371,cuidada,v-pcp,0
371,por,prp,0
371,Isidro.Então,prop,0
371,",",",",0
371,para,prp,0
371,um,art,0
371,latifundiário,n,0
371,que,pron-indp,0
371,",",",",0
371,no,adv,0
371,ﬁ,v-fin,0
371,m,n,0
371,da,adj,0
371,vida,n,0
371,",",",",0
371,precisava,v-fin,0
371,limpar,v-inf,0
371,sua,pron-det,0
371,consciência,n,0
371,perante,prp,0
371,Deus,prop,0
371,e,conj-c,0
371,",",",",0
371,para,prp,0
371,isso,pron-indp,0
371,",",",",0
371,contava,v-fin,0
371,com,prp,0
371,a,art,0
371,conivência,n,0
371,dos,v-pcp,0
371,que,pron-indp,0
371,despacham,v-fin,0
371,em,prp,0
371,nome,n,0
371,do,adj,0
371,sagrado,v-pcp,0
371,",",",",0
371,era,v-fin,0
371,fácil,adj,0
371,conceder,v-inf,0
371,um,art,0
371,pedaço,n,0
371,de,prp,0
371,terra,n,0
371,ao,prp,0
371,ﬁ,n,0
371,lho,n,0
371,adotivo,adj,0
371,.,.,0
372,Inviável,adj,0
372,era,v-fin,0
372,tratá-lo,n,0
372,igual,adj,0
372,aos,n,0
372,demais,adv,0
372,ﬁ,adj,0
372,lhos,n,0
372,.,.,0
373,Aﬁ,n,0
373,nal,adj,0
373,",",",",0
373,em,prp,0
373,um,art,0
373,mundo,n,0
373,racista,adj,0
373,como,adv,0
373,o,art,0
373,nosso,pron-det,0
373,",",",",0
373,é,v-fin,0
373,natural,adj,0
373,negro,adj,0
373,cuidar,v-inf,0
373,da,adv,0
373,terra,n,0
373,e,conj-c,0
373,não,adv,0
373,estudar,v-inf,0
373,.,.,0
374,Enquanto,adv,0
374,os,art,0
374,irmãos,n,0
374,brancos,adj,0
374,venderam,v-fin,0
374,suas,pron-det,0
374,terras,n,0
374,para,prp,0
374,um,art,0
374,inﬂ,n,0
374,uente,adv,0
374,político,adj,0
374,paraibano,adj,0
374,e,conj-c,0
374,foram,v-fin,0
374,para,prp,0
374,a,art,0
374,cidade,n,0
374,cuidar,v-inf,0
374,de,prp,0
374,suas,pron-det,0
374,carreiras,n,0
374,",",",",0
374,o,art,0
374,irmão,n,0
374,negro,adj,0
374,casou-se,adj,0
374,e,conj-c,0
374,foi,v-fin,0
374,fazer,v-inf,0
374,o,pron-det,0
374,que,pron-indp,0
374,sabia,v-fin,0
374,:,v-inf,0
374,cuidar,v-inf,0
374,da,adv,0
374,terra,n,0
374,.,.,0
375,Se,conj-s,0
375,essa,pron-det,0
375,história,n,0
375,terminasse,v-fin,0
375,aqui,adv,0
375,",",",",0
375,estavam,v-fin,0
375,certos,v-pcp,0
375,os,art,0
375,apoiadores,n,0
375,da,adj,0
375,decisão,n,0
375,do,adj,0
375,fazendeiro,adj,0
375,desencarnado,v-pcp,0
375,.,.,0
376,Todavia,prop,0
376,",",",",0
376,a,art,0
376,vida,n,0
376,real,adj,0
376,não,adv,0
376,admite,v-fin,0
376,o,art,0
376,ideal,n,0
376,como,adv,0
376,condição,n,0
376,acabada,v-pcp,0
376,.,.,0
377,O,art,0
377,inﬂ,n,0
377,uente,adv,0
377,político,adj,0
377,paraibano,adj,0
377,",",",",0
377,com,prp,0
377,a,art,0
377,conivência,n,0
377,dos,v-pcp,0
377,seus,pron-det,0
377,apoiadores,n,0
377,",",",",0
377,não,adv,0
377,por,prp,0
377,coincidência,n,0
377,",",",",0
377,os,art,0
377,mesmos,pron-det,0
377,do,n,0
377,sepultado,v-pcp,0
377,latifundiário,adj,0
377,",",",",0
377,também,adv,0
377,queria,v-fin,0
377,as,art,0
377,terras,n,0
377,do,adj,0
377,preto.Vovô,prop,0
377,",",",",0
377,inteligentemente,adv,0
377,",",",",0
377,não,adv,0
377,queria,v-fin,0
377,vender,v-inf,0
377,suas,pron-det,0
377,terras,n,0
377,e,conj-c,0
377,contratou,v-fin,0
377,para,prp,0
377,a,art,0
377,defesa,n,0
377,de,prp,0
377,seus,pron-det,0
377,interesses,n,0
377,o,art,0
377,melhor,adj,0
377,advogado,n,0
377,que,pron-indp,0
377,existia,v-fin,0
377,no,adj,0
377,lugar,n,0
377,.,.,0
378,A,art,0
378,conﬁ,adj,0
378,rmação,n,0
378,de,prp,0
378,que,conj-s,0
378,tal,pron-det,0
378,advogado,n,0
378,era,v-fin,0
378,bom,adj,0
378,vinha,n,0
378,dos,v-pcp,0
378,homens,n,0
378,inﬂ,adj,0
378,uentes,adj,0
378,que,pron-indp,0
378,haviam,v-fin,0
378,assistido,v-pcp,0
378,ao,prp,0
378,testamento,n,0
378,que,pron-indp,0
378,lhe,pron-pers,0
378,concedeu,v-fin,0
378,as,art,0
378,terras.Medonho,n,0
378,engano,adj,0
378,para,prp,0
378,o,art,0
378,pobre,n,0
378,negrinho,prop,0
378,.,.,0
379,O,art,0
379,homem,n,0
379,do,v-fin,0
379,direito,n,0
379,e,conj-c,0
379,doutor,n,0
379,das,v-pcp,0
379,leis,prop,0
379,",",",",0
379,integrante,adv,0
379,dessa,v-fin,0
379,mesma,pron-det,0
379,elite,n,0
379,",",",",0
379,não,adv,0
379,estava,v-fin,0
379,do,adv,0
379,seu,pron-det,0
379,lado,n,0
379,e,conj-c,0
379,o,art,0
379,persuadiu,v-fin,0
379,a,prp,0
379,assinar,v-inf,0
379,um,art,0
379,documento,n,0
379,",",",",0
379,passando,v-ger,0
379,as,art,0
379,terras,n,0
379,para,prp,0
379,o,art,0
379,inﬂ,n,0
379,uente,adv,0
379,político,adj,0
379,.,.,0
380,O,art,0
380,negrinho,n,0
380,metido,v-pcp,0
380,a,art,0
380,besta,prop,0
380,",",",",0
380,dono,n,0
380,de,prp,0
380,terras,n,0
380,",",",",0
380,que,pron-indp,0
380,mal,adv,0
380,sabia,v-fin,0
380,escrever,v-inf,0
380,o,art,0
380,nome,n,0
380,",",",",0
380,fora,v-fin,0
380,facilmente,adv,0
380,enganado,v-pcp,0
380,.,.,0
381,Dois,num,0
381,pontos,n,0
381,precisam,v-fin,0
381,ser,v-inf,0
381,destacados,v-pcp,0
381,.,.,0
382,O,art,0
382,primeiro,adj,0
382,se,pron-pers,0
382,refere,v-fin,0
382,à,adv,0
382,assinatura,n,0
382,do,adj,0
382,documento,n,0
382,",",",",0
382,feita,v-pcp,0
382,pelo,n,0
382,negro,adj,0
382,sem,prp,0
382,ler,v-inf,0
382,.,.,0
383,Aliás,prop,0
383,",",",",0
383,a,art,0
383,leitura,n,0
383,expressa,adj,0
383,da,adj,0
383,palavra,n,0
383,não,adv,0
383,era,v-fin,0
383,muito,adv,0
383,de,prp,0
383,sua,pron-det,0
383,feitura,n,0
383,.,.,0
384,Seu,prop,0
384,pai,n,0
384,de,prp,0
384,criação,n,0
384,lhe,pron-pers,0
384,ensinou,v-fin,0
384,a,prp,0
384,fugir,v-inf,0
384,das,v-pcp,0
384,letras,n,0
384,",",",",0
384,função,n,0
384,dos,v-pcp,0
384,seus,pron-det,0
384,outros,pron-det,0
384,irmãos,n,0
384,.,.,0
385,Ele,prop,0
385,foi,v-fin,0
385,muito,adv,0
385,bem,adv,0
385,educado,v-pcp,0
385,para,prp,0
385,compreender,v-inf,0
385,a,art,0
385,terra,n,0
385,",",",",0
385,interpretar,v-inf,0
385,o,pron-det,0
385,que,pron-indp,0
385,esta,pron-det,0
385,queria,n,0
385,e,conj-c,0
385,não,adv,0
385,para,prp,0
385,entender,v-inf,0
385,como,adv,0
385,os,art,0
385,aleivosos,n,0
385,senhores,adj,0
385,criam,v-fin,0
385,leis,n,0
385,ou,conj-c,0
385,manipulam,v-fin,0
385,seus,pron-det,0
385,documentos.O,n,0
385,segundo,adj,0
385,ponto,n,0
385,é,v-fin,0
385,a,art,0
385,atitude,n,0
385,revanchista,adj,0
385,e,conj-c,0
385,vigarista,adj,0
385,tomada,v-pcp,0
385,pelo,n,0
385,inﬂ,adj,0
385,uente,adv,0
385,político,adj,0
385,e,conj-c,0
385,latifundiário,adj,0
385,que,pron-indp,0
385,se,pron-pers,0
385,zangou,v-fin,0
385,com,prp,0
385,a,art,0
385,recusa,n,0
385,do,adj,0
385,negro,adj,0
385,de,prp,0
385,vender,v-inf,0
385,as,art,0
385,terras,n,0
385,e,conj-c,0
385,",",",",0
385,em,prp,0
385,represália,prop,0
385,",",",",0
385,forçou,v-fin,0
385,o,art,0
385,tal,pron-det,0
385,advogado,n,0
385,a,prp,0
385,adquiri-la,n,0
385,em,prp,0
385,forma,n,0
385,de,prp,0
385,documento,n,0
385,de,prp,0
385,doação,n,0
385,",",",",0
385,e,conj-c,0
385,cujos,pron-det,0
385,honorários,n,0
385,foram,v-fin,0
385,pagos,v-pcp,0
385,com,prp,0
385,o,art,0
385,dinheiro,n,0
385,que,pron-indp,0
385,iria,v-fin,0
385,para,prp,0
385,o,art,0
385,meu,pron-det,0
385,avô,n,0
385,",",",",0
385,caso,conj-s,0
385,ele,pron-pers,0
385,tivesse,v-fin,0
385,vendido,v-pcp,0
385,de,prp,0
385,bom,adj,0
385,grado.Dessa,n,0
385,forma,n,0
385,",",",",0
385,enquanto,adv,0
385,o,art,0
385,tal,pron-det,0
385,advogado,n,0
385,com,prp,0
385,o,art,0
385,anel,n,0
385,do,v-fin,0
385,Direito,n,0
385,",",",",0
385,que,pron-indp,0
385,jurara,v-fin,0
385,defender,v-inf,0
385,a,art,0
385,lei,n,0
385,",",",",0
385,embolsava,v-fin,0
385,o,art,0
385,dinheiro,n,0
385,da,v-fin,0
385,falsa,adj,0
385,doação,n,0
385,do,v-fin,0
385,bem,adv,0
385,que,conj-s,0
385,era,v-fin,0
385,garantia,n,0
385,de,prp,0
385,sustento,n,0
385,para,prp,0
385,meu,pron-det,0
385,avô,n,0
385,e,conj-c,0
385,seus,pron-det,0
385,ﬁ,n,0
385,lhos,adj,0
385,",",",",0
385,esses,pron-det,0
385,ﬁ,n,0
385,cavam,v-fin,0
385,na,pron-pers,0
385,miséria,n,0
385,.,.,0
386,Isidro,prop,0
386,e,conj-c,0
386,Cassiana,prop,0
386,tinham,v-fin,0
386,se,pron-pers,0
386,casado,v-pcp,0
386,sem,prp,0
386,o,art,0
386,consentimento,n,0
386,da,adj,0
386,família,n,0
386,dela,prop,0
386,.,.,0
387,O,art,0
387,pai,n,0
387,dela,prop,0
387,foi,v-fin,0
387,um,art,0
387,negrão,n,0
387,racista,adj,0
387,que,pron-indp,0
387,morreu,v-fin,0
387,sem,prp,0
387,aceitar,v-inf,0
387,que,conj-s,0
387,a,art,0
387,ﬁ,n,0
387,lha,adj,0
387,tivesse,v-fin,0
387,contato,n,0
387,com,prp,0
387,a,art,0
387,família,n,0
387,",",",",0
387,muito,adv,0
387,menos,adv,0
387,",",",",0
387,pisasse,v-fin,0
387,de,prp,0
387,volta,n,0
387,em,prp,0
387,casa,n,0
387,.,.,0
388,Portanto,adv,0
388,",",",",0
388,sem,prp,0
388,o,art,0
388,apoio,n,0
388,do,adj,0
388,sogro,adj,0
388,e,conj-c,0
388,sem,prp,0
388,as,art,0
388,terras,n,0
388,",",",",0
388,roubadas,v-pcp,0
388,pelo,adj,0
388,inﬂ,adj,0
388,uente,adv,0
388,político,adj,0
388,da,pp,0
388,região,n,0
388,",",",",0
388,meu,pron-det,0
388,avô,n,0
388,",",",",0
388,já,adv,0
388,com,prp,0
388,cinco,num,0
388,ﬁ,n,0
388,lhos,adj,0
388,",",",",0
388,teve,v-fin,0
388,que,conj-s,0
388,procurar,v-inf,0
388,a,art,0
388,cidade,n,0
388,grande,adj,0
388,na,v-fin,0
388,tentativa,n,0
388,de,prp,0
388,sobreviver,v-inf,0
388,.,.,0
389,No,prop,0
389,ﬁ,v-fin,0
389,m,n,0
389,da,adj,0
389,década,v-pcp,0
389,de,prp,0
389,1950,num,0
389,",",",",0
389,a,art,0
389,família,n,0
389,escolheu,v-fin,0
389,Campina,n,0
389,Grande,v-fin,0
389,para,prp,0
389,morar.Vovô,n,0
389,sempre,adv,0
389,foi,v-fin,0
389,meio,adj,0
389,sobrepujado,v-pcp,0
389,",",",",0
389,vivia,v-fin,0
389,resmungando,v-ger,0
389,que,conj-s,0
389,nada,pron-indp,0
389,dava,v-fin,0
389,certo,adj,0
389,com,prp,0
389,ele,pron-pers,0
389,",",",",0
389,nunca,adv,0
389,se,pron-pers,0
389,perdoou,v-fin,0
389,pela,n,0
389,vida,n,0
389,precária,adj,0
389,na,adv,0
389,qual,pron-det,0
389,a,art,0
389,sua,pron-det,0
389,família,n,0
389,afundou,v-fin,0
389,e,conj-c,0
389,a,art,0
389,própria,pron-det,0
389,migração,n,0
389,para,prp,0
389,o,art,0
389,Rio,prop,0
389,era,v-fin,0
389,algo,pron-indp,0
389,que,pron-indp,0
389,ele,pron-pers,0
389,não,adv,0
389,aceitara,v-fin,0
389,.,.,0
390,Nunca,prop,0
390,na,v-fin,0
390,vida,n,0
390,arrumou,v-fin,0
390,um,art,0
390,emprego,n,0
390,ﬁ,adj,0
390,xo,adj,0
390,",",",",0
390,pois,conj-s,0
390,não,adv,0
390,tinha,v-fin,0
390,proﬁ,n,0
390,ssão,n,0
390,.,.,0
391,Como,adv,0
391,apenas,adv,0
391,sabia,v-fin,0
391,assinar,v-inf,0
391,o,art,0
391,nome,n,0
391,",",",",0
391,ler,prop,0
391,e,conj-c,0
391,escrever,v-inf,0
391,mecanicamente,adv,0
391,",",",",0
391,sem,prp,0
391,grandes,adj,0
391,interpretações,n,0
391,",",",",0
391,formouse,prop,0
391,em,prp,0
391,mestre-de-obras,n,0
391,já,adv,0
391,com,prp,0
391,mais,pron-det,0
391,de,prp,0
391,cinquenta,num,0
391,anos,n,0
391,em,prp,0
391,curso,n,0
391,por,prp,0
391,correspondência,n,0
391,",",",",0
391,cujas,pron-det,0
391,provas,n,0
391,",",",",0
391,em,prp,0
391,grande,adj,0
391,parte,n,0
391,",",",",0
391,foram,v-fin,0
391,feitas,v-pcp,0
391,por,prp,0
391,mim,pron-pers,0
391,em,prp,0
391,nome,n,0
391,dele,adj,0
391,.,.,0
392,No,num,0
392,dia,n,0
392,em,prp,0
392,que,pron-indp,0
392,o,art,0
392,diploma,n,0
392,chegou,v-fin,0
392,",",",",0
392,vi,v-fin,0
392,festa,n,0
392,e,conj-c,0
392,satisfação,n,0
392,no,adv,0
392,semblante,adv,0
392,daquele,v-fin,0
392,homem,n,0
392,sofredor,adj,0
392,e,conj-c,0
392,de,prp,0
392,baixa,n,0
392,auto,adj,0
392,estima,adj,0
392,.,.,0
393,Negro,adj,0
393,ignorante,adv,0
393,e,conj-c,0
393,sem,prp,0
393,educação,n,0
393,formal,adj,0
393,",",",",0
393,vez,n,0
393,por,prp,0
393,outra,pron-det,0
393,fazia,v-fin,0
393,uma,art,0
393,dura,n,0
393,autocrítica,adj,0
393,:,adj,0
393,“,adj,0
393,Sou,adj,0
393,preto,adj,0
393,e,conj-c,0
393,burro,n,0
393,",",",",0
393,trabalho,n,0
393,no,adj,0
393,cabo,n,0
393,da,adv,0
393,enxada,v-pcp,0
393,",",",",0
393,enquanto,adv,0
393,meus,pron-det,0
393,irmãos,n,0
393,são,v-fin,0
393,brancos,adj,0
393,",",",",0
393,inteligentes,adj,0
393,",",",",0
393,formados,v-pcp,0
393,e,conj-c,0
393,trabalham,v-fin,0
393,na,adj,0
393,cidade,n,0
393,com,prp,0
393,nobreza,n,0
393,e,conj-c,0
393,dignidade,n,0
393,”,adj,0
393,.,.,0
394,Alimentava,v-fin,0
394,a,art,0
394,lógica,n,0
394,racista,adj,0
394,existente,adj,0
394,na,adj,0
394,cultura,n,0
394,brasileira,adj,0
394,contra,prp,0
394,si,pron-pers,0
394,próprio,pron-det,0
394,.,.,0
395,Ainda,prop,0
395,na,v-fin,0
395,Paraíba,prop,0
395,",",",",0
395,quando,adv,0
395,migraram,v-fin,0
395,do,n,0
395,Brejo,adj,0
395,para,prp,0
395,a,art,0
395,cidade,n,0
395,de,prp,0
395,Campina,n,0
395,Grande,prop,0
395,",",",",0
395,para,prp,0
395,sustentar,v-inf,0
395,a,art,0
395,família,n,0
395,",",",",0
395,montou,v-fin,0
395,uma,art,0
395,barbearia,n,0
395,na,adj,0
395,feira,n,0
395,–,adj,0
395,armação,n,0
395,de,prp,0
395,madeira,n,0
395,de,prp,0
395,modo,n,0
395,a,prp,0
395,formar,v-inf,0
395,duas,num,0
395,colunas,n,0
395,que,pron-indp,0
395,sustentavam,v-fin,0
395,o,art,0
395,lonado,n,0
395,",",",",0
395,bacia,n,0
395,de,prp,0
395,alumínio,n,0
395,com,prp,0
395,água,n,0
395,em,prp,0
395,cima,n,0
395,de,prp,0
395,um,art,0
395,banco,n,0
395,",",",",0
395,espelho,prop,0
395,preso,v-pcp,0
395,em,prp,0
395,uma,art,0
395,das,n,0
395,colunas,adj,0
395,e,conj-c,0
395,toalha,n,0
395,pendurada,v-pcp,0
395,na,adv,0
395,outra.O,adj,0
395,casamento,n,0
395,de,prp,0
395,Isidro,n,0
395,com,prp,0
395,Cassiana,n,0
395,também,adv,0
395,foi,v-fin,0
395,motivo,adj,0
395,para,prp,0
395,que,conj-s,0
395,meu,pron-det,0
395,avô,n,0
395,vivesse,v-fin,0
395,meio,adj,0
395,meditabundo,v-ger,0
395,sobre,prp,0
395,os,art,0
395,aspectos,n,0
395,materiais,adj,0
395,de,prp,0
395,sua,pron-det,0
395,vida,n,0
395,.,.,0
396,Minha,v-fin,0
396,avó,n,0
396,era,v-fin,0
396,a,art,0
396,princesa,n,0
396,do,adj,0
396,lugar,n,0
396,:,adj,0
396,linda,prop,0
396,e,conj-c,0
396,detentora,n,0
396,de,prp,0
396,um,art,0
396,vigor,n,0
396,no,adj,0
396,olhar,v-inf,0
396,de,prp,0
396,causar,v-inf,0
396,inveja,n,0
396,em,prp,0
396,Beatriz,n,0
396,de,prp,0
396,Dante,n,0
396,Alighieri,adj,0
396,.,.,0
397,Filha,n,0
397,de,prp,0
397,um,art,0
397,ex-escravo,n,0
397,com,prp,0
397,uma,art,0
397,mulher,n,0
397,branca,adj,0
397,",",",",0
397,descendente,adv,0
397,de,prp,0
397,portugueses,n,0
397,–,adj,0
397,o,pron-det,0
397,que,pron-indp,0
397,não,adv,0
397,era,v-fin,0
397,comum,adj,0
397,naquela,n,0
397,época,n,0
397,",",",",0
397,sobretudo,adv,0
397,",",",",0
397,porque,conj-s,0
397,sendo,v-ger,0
397,negro,adj,0
397,e,conj-c,0
397,ex-escravo,adj,0
397,",",",",0
397,o,art,0
397,pai,n,0
397,de,prp,0
397,Cassiana,prop,0
397,",",",",0
397,era,v-fin,0
397,detentor,n,0
397,de,prp,0
397,razoáveis,adj,0
397,propriedades,n,0
397,.,.,0
398,Os,art,0
398,historiadores,n,0
398,relatam,v-fin,0
398,que,conj-s,0
398,duas,num,0
398,hipóteses,n,0
398,principais,adj,0
398,podem,v-fin,0
398,justiﬁ,v-inf,0
398,car,v-inf,0
398,tal,pron-det,0
398,posse,n,0
398,:,adj,0
398,a,art,0
398,primeira,adj,0
398,assenta-se,n,0
398,na,adj,0
398,possibilidade,n,0
398,de,prp,0
398,uma,art,0
398,herança,n,0
398,deixada,v-pcp,0
398,pelo,adv,0
398,seu,pron-det,0
398,senhor,n,0
398,quando,adv,0
398,da,v-fin,0
398,sua,pron-det,0
398,liberdade,n,0
398,.,.,0
399,Esta,adj,0
399,possibilidade,n,0
399,complica-se,adj,0
399,quando,adv,0
399,não,adv,0
399,são,v-fin,0
399,encontrados,v-pcp,0
399,",",",",0
399,nesse,v-fin,0
399,período,n,0
399,e,conj-c,0
399,nessa,v-fin,0
399,região,n,0
399,",",",",0
399,registros,n,0
399,cartoriais,adj,0
399,que,pron-indp,0
399,atestem,v-fin,0
399,a,art,0
399,existência,n,0
399,de,prp,0
399,bondosos,n,0
399,benfeitores,adj,0
399,senhores,n,0
399,de,prp,0
399,escravos,n,0
399,que,pron-indp,0
399,",",",",0
399,por,prp,0
399,puro,adj,0
399,esclarecimento,n,0
399,político,adj,0
399,",",",",0
399,resolvessem,v-fin,0
399,fazer,v-inf,0
399,“,conj-c,0
399,Reforma,n,0
399,Agrária,adj,0
399,”,adj,0
399,em,prp,0
399,suas,pron-det,0
399,próprias,adj,0
399,terras,n,0
399,.,.,0
400,A,art,0
400,segunda,adj,0
400,hipótese,n,0
400,",",",",0
400,e,conj-c,0
400,em,prp,0
400,certo,pron-det,0
400,sentido,n,0
400,",",",",0
400,mais,adv,0
400,admissível,adj,0
400,",",",",0
400,radica-se,v-fin,0
400,na,pron-pers,0
400,existência,n,0
400,de,prp,0
400,um,art,0
400,número,n,0
400,razoável,adj,0
400,de,prp,0
400,negros,n,0
400,alforriados,v-pcp,0
400,",",",",0
400,escravos,n,0
400,da,v-fin,0
400,casa,n,0
400,grande,adj,0
400,",",",",0
400,ou,conj-c,0
400,seja,v-fin,0
400,",",",",0
400,afros,n,0
400,descendentes,adj,0
400,coniventes,adj,0
400,com,prp,0
400,a,art,0
400,escravidão,n,0
400,e,conj-c,0
400,não-resistentes,n,0
400,a,prp,0
400,ela,pron-pers,0
400,.,.,0
401,Em,prop,0
401,outras,pron-det,0
401,palavras,n,0
401,",",",",0
401,negros,adj,0
401,que,pron-indp,0
401,traíam,v-fin,0
401,os,art,0
401,demais,pron-det,0
401,em,prp,0
401,troca,n,0
401,de,prp,0
401,favores,n,0
401,dos,v-pcp,0
401,senhores.O,v-fin,0
401,certo,adj,0
401,é,v-fin,0
401,que,conj-s,0
401,a,art,0
401,família,n,0
401,de,prp,0
401,Cassiana,n,0
401,vivia,v-fin,0
401,com,prp,0
401,padrões,n,0
401,de,prp,0
401,consumo,n,0
401,comparáveis,adj,0
401,aos,v-fin,0
401,pequenos,adj,0
401,latifundiários,n,0
401,brancos,adj,0
401,da,v-fin,0
401,região,n,0
401,.,.,0
402,Até,adv,0
402,aí,adv,0
402,nenhum,pron-det,0
402,problema,n,0
402,para,prp,0
402,o,art,0
402,romance,n,0
402,entre,prp,0
402,os,art,0
402,pais,n,0
402,de,prp,0
402,minha,pron-det,0
402,mãe,n,0
402,.,.,0
403,Sim,prop,0
403,",",",",0
403,decerto,adv,0
403,que,conj-s,0
403,não,adv,0
403,.,.,0
404,O,art,0
404,pai,n,0
404,da,v-fin,0
404,moça,n,0
404,não,adv,0
404,se,pron-pers,0
404,casou,v-fin,0
404,com,prp,0
404,uma,art,0
404,branca,n,0
404,em,prp,0
404,vão,v-fin,0
404,",",",",0
404,o,art,0
404,seu,pron-det,0
404,casamento,n,0
404,com,prp,0
404,uma,art,0
404,descendente,n,0
404,direta,adj,0
404,dos,v-pcp,0
404,colonizadores,adj,0
404,deu-se,num,0
404,para,prp,0
404,embranquecer,v-inf,0
404,sua,pron-det,0
404,família,n,0
404,.,.,0
405,Digo,n,0
405,que,pron-indp,0
405,nessas,v-fin,0
405,circunstâncias,n,0
405,o,art,0
405,negrão,n,0
405,queria,v-fin,0
405,mesmo,adv,0
405,era,v-fin,0
405,esquecer,v-inf,0
405,o,art,0
405,excesso,n,0
405,de,prp,0
405,melanina,n,0
405,presente,adj,0
405,em,prp,0
405,sua,pron-det,0
405,pele,n,0
405,.,.,0
406,Portanto,adv,0
406,",",",",0
406,a,art,0
406,ﬁ,prop,0
406,lha,adj,0
406,caçula,n,0
406,",",",",0
406,linda,prop,0
406,",",",",0
406,letrada,v-pcp,0
406,",",",",0
406,preparada,v-pcp,0
406,para,prp,0
406,se,pron-pers,0
406,matrimoniar,v-inf,0
406,com,prp,0
406,um,art,0
406,doutor,n,0
406,jamais,adv,0
406,podia,v-fin,0
406,enamorar-se,n,0
406,de,prp,0
406,um,art,0
406,negrinho,n,0
406,",",",",0
406,metido,v-pcp,0
406,a,art,0
406,besta,n,0
406,",",",",0
406,ﬁ,v-fin,0
406,lho,n,0
406,de,prp,0
406,um,art,0
406,capitão-do-mato,n,0
406,com,prp,0
406,uma,art,0
406,ex-escrava.Inicialmente,n,0
406,",",",",0
406,o,art,0
406,incansável,adj,0
406,conquistador,n,0
406,Isidro,prop,0
406,aproximou-se,v-fin,0
406,da,pron-pers,0
406,moça,n,0
406,por,prp,0
406,pura,n,0
406,auto-aﬁ,adj,0
406,rmação,n,0
406,.,.,0
407,Minha,prop,0
407,vovó,n,0
407,Cassiana,adj,0
407,",",",",0
407,como,adv,0
407,já,adv,0
407,lhes,pron-pers,0
407,disse,v-fin,0
407,",",",",0
407,tinha,v-fin,0
407,uma,art,0
407,ligação,n,0
407,online,adj,0
407,e,conj-c,0
407,permanente,adj,0
407,com,prp,0
407,a,art,0
407,sensibilidade,n,0
407,.,.,0
408,Essa,adj,0
408,proximidade,n,0
408,possibilitoulhe,v-fin,0
408,um,art,0
408,contato,n,0
408,estético,adj,0
408,com,prp,0
408,o,art,0
408,mundo,n,0
408,através,adv,0
408,da,v-fin,0
408,poesia.A,n,0
408,moça,adj,0
408,",",",",0
408,namoradeira,n,0
408,de,prp,0
408,monte,n,0
408,",",",",0
408,adorava,v-fin,0
408,escrever,v-inf,0
408,sonetos,n,0
408,e,conj-c,0
408,poemas,n,0
408,e,conj-c,0
408,repassá-los,n,0
408,aos,v-fin,0
408,inúmeros,adj,0
408,pretendentes,n,0
408,.,.,0
409,A,art,0
409,única,adj,0
409,maneira,n,0
409,de,prp,0
409,o,art,0
409,negrinho,n,0
409,se,pron-pers,0
409,aproximar,v-inf,0
409,da,pp,0
409,beldade,n,0
409,era,v-fin,0
409,servindo,v-ger,0
409,de,prp,0
409,pombocorreio,n,0
409,.,.,0
410,Pois,adv,0
410,não,adv,0
410,é,v-fin,0
410,que,conj-s,0
410,o,art,0
410,cara,n,0
410,de,prp,0
410,pau,n,0
410,os,art,0
410,lia,n,0
410,e,conj-c,0
410,",",",",0
410,nessa,adv,0
410,hora,n,0
410,",",",",0
410,mesmo,adv,0
410,sem,prp,0
410,entender,v-inf,0
410,bem,adv,0
410,o,pron-det,0
410,que,pron-indp,0
410,estava,v-fin,0
410,escrito,v-pcp,0
410,",",",",0
410,sentia,v-fin,0
410,algo,pron-indp,0
410,profundo,v-ger,0
410,e,conj-c,0
410,doce,v-fin,0
410,em,prp,0
410,seu,pron-det,0
410,coração,n,0
410,amargurado,v-pcp,0
410,.,.,0
411,Os,art,0
411,códigos,n,0
411,do,v-fin,0
411,amor,n,0
411,expressam-se,adj,0
411,por,prp,0
411,meios,n,0
411,de,prp,0
411,fácil,adj,0
411,decifração,n,0
411,para,prp,0
411,quem,pron-indp,0
411,está,v-fin,0
411,afetado,v-pcp,0
411,por,prp,0
411,ele,pron-pers,0
411,.,.,0
412,Inevitavelmente,adv,0
412,",",",",0
412,Isidro,v-fin,0
412,apaixonou-se,n,0
412,por,prp,0
412,Cassiana,prop,0
412,.,.,0
413,O,art,0
413,dilema,n,0
413,do,v-fin,0
413,preto,adj,0
413,passou,v-fin,0
413,",",",",0
413,então,adv,0
413,",",",",0
413,a,prp,0
413,ser,v-inf,0
413,conquistar,v-inf,0
413,aquela,pron-det,0
413,moça,n,0
413,de,prp,0
413,boa,adj,0
413,família,n,0
413,.,.,0
414,Ganhar,v-inf,0
414,qualquer,pron-det,0
414,gazela,n,0
414,",",",",0
414,tratando-se,v-fin,0
414,do,pron-pers,0
414,charmoso,adj,0
414,negrinho,n,0
414,",",",",0
414,não,adv,0
414,era,v-fin,0
414,tarefa,n,0
414,tão,adv,0
414,difícil,adj,0
414,aos,adv,0
414,olhos,n,0
414,de,prp,0
414,quem,pron-indp,0
414,o,pron-pers,0
414,via,v-fin,0
414,como,adv,0
414,um,art,0
414,cara,n,0
414,de,prp,0
414,farta,n,0
414,sorte,n,0
414,no,adj,0
414,trato,n,0
414,com,prp,0
414,o,art,0
414,sexo,n,0
414,oposto,v-pcp,0
414,",",",",0
414,mas,conj-c,0
414,o,art,0
414,afamado,n,0
414,garotão,prop,0
414,estava,v-fin,0
414,em,prp,0
414,uma,art,0
414,encruzilhada,n,0
414,.,.,0
415,Ele,prop,0
415,que,pron-indp,0
415,sabia,v-fin,0
415,bem,adv,0
415,como,adv,0
415,cantar,v-inf,0
415,qualquer,pron-det,0
415,mulher,n,0
415,percebia,v-fin,0
415,que,conj-s,0
415,",",",",0
415,com,prp,0
415,Cassiana,prop,0
415,",",",",0
415,era,v-fin,0
415,diferente,adj,0
415,",",",",0
415,pois,conj-s,0
415,se,pron-pers,0
415,sentia,v-fin,0
415,como,adv,0
415,predador,n,0
415,preso,v-pcp,0
415,pela,v-fin,0
415,presa.Em,n,0
415,mais,adv,0
415,uma,num,0
415,de,prp,0
415,suas,pron-det,0
415,viagens,n,0
415,como,adv,0
415,pombo-correio,n,0
415,a,prp,0
415,um,art,0
415,dos,n,0
415,namorados,v-pcp,0
415,da,adv,0
415,moça,n,0
415,",",",",0
415,decidiu,v-fin,0
415,não,adv,0
415,entregar,v-inf,0
415,o,art,0
415,bilhete,n,0
415,.,.,0
416,E,prop,0
416,com,prp,0
416,a,art,0
416,ﬁ,prop,0
416,rme,adj,0
416,convicção,n,0
416,de,prp,0
416,que,conj-s,0
416,nunca,adv,0
416,mais,adv,0
416,levaria,adj,0
416,bilhete,n,0
416,algum,pron-det,0
416,",",",",0
416,resolveu,v-fin,0
416,ler,prop,0
416,e,conj-c,0
416,rasgar,v-inf,0
416,o,pron-det,0
416,que,pron-indp,0
416,seria,v-fin,0
416,o,art,0
416,último.Para,adj,0
416,espanto,n,0
416,do,adj,0
416,mensageiro,adj,0
416,enciumado,v-pcp,0
416,",",",",0
416,o,pron-det,0
416,que,pron-indp,0
416,estava,v-fin,0
416,escrito,v-pcp,0
416,naquela,adj,0
416,mensagem,n,0
416,era,v-fin,0
416,diferente,adj,0
416,do,adv,0
416,esperado,v-pcp,0
416,.,.,0
417,Ele,prop,0
417,leu,v-fin,0
417,:,n,0
417,“,adj,0
417,Para,v-fin,0
417,minha,pron-det,0
417,pessoa,n,0
417,foi,v-fin,0
417,difícil,adj,0
417,escrever,v-inf,0
417,o,pron-det,0
417,que,pron-indp,0
417,você,pron-pers,0
417,está,v-fin,0
417,lendo,v-ger,0
417,agora,adv,0
417,.,.,0
418,Acredite,prop,0
418,",",",",0
418,não,adv,0
418,sou,v-fin,0
418,má,adj,0
418,",",",",0
418,vivo,adj,0
418,até,prp,0
418,esta,pron-det,0
418,data,n,0
418,à,adv,0
418,procura,v-fin,0
418,do,v-inf,0
418,amor,n,0
418,verdadeiro,adj,0
418,que,pron-indp,0
418,insiste,v-fin,0
418,em,prp,0
418,não,adv,0
418,bater,v-inf,0
418,em,prp,0
418,minha,pron-det,0
418,porta,n,0
418,.,.,0
419,Não,v-fin,0
419,se,pron-pers,0
419,sinta,v-fin,0
419,responsável,adj,0
419,pelo,n,0
419,que,pron-indp,0
419,escrevo,v-fin,0
419,",",",",0
419,pois,conj-s,0
419,nada,pron-indp,0
419,tem,v-fin,0
419,a,prp,0
419,ver,v-inf,0
419,com,prp,0
419,você,pron-pers,0
419,ou,conj-c,0
419,qualquer,pron-det,0
419,ser,v-inf,0
419,humano,adj,0
419,que,conj-s,0
419,até,adv,0
419,hoje,adv,0
419,se,pron-pers,0
419,aproximou,v-fin,0
419,de,prp,0
419,mim,pron-pers,0
419,.,.,0
420,Conﬁ,prop,0
420,o,pron-pers,0
420,que,pron-indp,0
420,a,art,0
420,pessoa,n,0
420,que,pron-indp,0
420,carrega,v-fin,0
420,esse,pron-det,0
420,amor,n,0
420,deve,v-fin,0
420,estar,v-inf,0
420,por,prp,0
420,perto,adv,0
420,",",",",0
420,entretanto,adv,0
420,",",",",0
420,advirto-lhe,v-fin,0
420,que,conj-s,0
420,",",",",0
420,embora,conj-s,0
420,cordial,prop,0
420,e,conj-c,0
420,elegante,adv,0
420,",",",",0
420,você,pron-pers,0
420,não,adv,0
420,desperta,v-fin,0
420,o,pron-det,0
420,que,pron-indp,0
420,espero,v-fin,0
420,sentir,v-inf,0
420,.,.,0
421,Contudo,adv,0
421,",",",",0
421,posso,v-fin,0
421,oferecer-lhe,v-fin,0
421,a,art,0
421,amizade,n,0
421,",",",",0
421,outro,pron-det,0
421,sentimento,n,0
421,raríssimo,adj,0
421,.,.,0
422,Espero,v-fin,0
422,que,conj-s,0
422,o,art,0
422,aceite,n,0
422,",",",",0
422,pois,conj-s,0
422,é,v-fin,0
422,o,art,0
422,máximo,n,0
422,que,pron-indp,0
422,lhe,pron-pers,0
422,posso,v-fin,0
422,dedicar.Como,adv,0
422,você,pron-pers,0
422,é,v-fin,0
422,um,art,0
422,cavaleiro,n,0
422,sensível,adj,0
422,e,conj-c,0
422,bem,adv,0
422,educado,v-pcp,0
422,",",",",0
422,tenho,v-fin,0
422,a,art,0
422,ousadia,n,0
422,em,prp,0
422,desabafar,n,0
422,que,pron-indp,0
422,o,art,0
422,amor,n,0
422,esperado,v-pcp,0
422,por,prp,0
422,mim,pron-pers,0
422,deve,v-fin,0
422,vir,v-inf,0
422,acompanhado,v-pcp,0
422,do,adj,0
422,sentimento,n,0
422,de,prp,0
422,amizade,n,0
422,",",",",0
422,mas,conj-c,0
422,",",",",0
422,como,adv,0
422,entre,prp,0
422,nós,pron-pers,0
422,dois,num,0
422,apenas,adv,0
422,a,prp,0
422,amizade,n,0
422,se,pron-pers,0
422,faz,v-fin,0
422,presente,adv,0
422,",",",",0
422,rogo-lhe,v-fin,0
422,!,!,0
423,Não,v-fin,0
423,me,pron-pers,0
423,negue,v-fin,0
423,",",",",0
423,pois,conj-s,0
423,não,adv,0
423,podemos,v-fin,0
423,viver,v-inf,0
423,sem,prp,0
423,amigos,n,0
423,.,.,0
424,E,prop,0
424,",",",",0
424,se,pron-pers,0
424,meu,pron-det,0
424,sonho,n,0
424,",",",",0
424,na,adj,0
424,verdade,n,0
424,",",",",0
424,é,v-fin,0
424,encontrar,v-inf,0
424,a,art,0
424,união,n,0
424,destes,adj,0
424,dois,num,0
424,sentimentos,n,0
424,na,adj,0
424,mesma,pron-det,0
424,criatura,n,0
424,",",",",0
424,o,pron-det,0
424,que,pron-indp,0
424,infelizmente,adv,0
424,não,adv,0
424,ocorreu,v-fin,0
424,entre,prp,0
424,nós,pron-pers,0
424,",",",",0
424,isso,pron-indp,0
424,não,adv,0
424,impede,v-fin,0
424,que,conj-s,0
424,nutramos,v-fin,0
424,outro,pron-det,0
424,relacionamento,n,0
424,.,.,0
425,Como,adv,0
425,lhe,pron-pers,0
425,adiantei,v-fin,0
425,",",",",0
425,estou,v-fin,0
425,usando,v-ger,0
425,estas,pron-det,0
425,letras,n,0
425,como,adv,0
425,um,art,0
425,desabafo,n,0
425,",",",",0
425,e,conj-c,0
425,o,art,0
425,faço,n,0
425,por,prp,0
425,depositar,v-inf,0
425,em,prp,0
425,você,pron-pers,0
425,grande,adj,0
425,conﬁ,n,0
425,ança,prop,0
425,.,.,0
426,Penso,v-fin,0
426,que,conj-s,0
426,",",",",0
426,no,num,0
426,dia,n,0
426,que,pron-indp,0
426,dois,num,0
426,viventes,n,0
426,se,pron-pers,0
426,encontram,v-fin,0
426,com,prp,0
426,o,art,0
426,amor,n,0
426,",",",",0
426,passam,v-fin,0
426,a,prp,0
426,morar,v-inf,0
426,num,adj,0
426,espaço,n,0
426,sagrado,v-pcp,0
426,",",",",0
426,num,prop,0
426,paraíso,v-fin,0
426,próprio,n,0
426,onde,adv,0
426,apenas,adv,0
426,as,art,0
426,pessoas,n,0
426,que,pron-indp,0
426,amam,v-fin,0
426,podem,v-fin,0
426,chegar,v-inf,0
426,.,.,0
427,Neste,n,0
427,local,adj,0
427,",",",",0
427,o,art,0
427,amado,n,0
427,é,v-fin,0
427,feliz,adj,0
427,pelo,adj,0
427,amor,n,0
427,do,adj,0
427,outro,pron-det,0
427,que,pron-indp,0
427,o,art,0
427,ama,n,0
427,",",",",0
427,e,conj-c,0
427,quem,pron-indp,0
427,sente,v-fin,0
427,o,art,0
427,amor,n,0
427,é,v-fin,0
427,feliz,adj,0
427,duplamente,adv,0
427,",",",",0
427,pelo,prop,0
427,amor,v-fin,0
427,que,conj-s,0
427,sente,adv,0
427,e,conj-c,0
427,pela,adj,0
427,felicidade,n,0
427,do,adj,0
427,outro,pron-det,0
427,em,prp,0
427,ser,v-inf,0
427,iluminado,v-pcp,0
427,pelo,conj-s,0
427,seu,pron-det,0
427,amor,n,0
427,.,.,0
428,Felicidade,n,0
428,sem,prp,0
428,condições,n,0
428,de,prp,0
428,ser,v-inf,0
428,narrada,v-pcp,0
428,pela,adj,0
428,linguagem,n,0
428,que,pron-indp,0
428,disponho,v-fin,0
428,é,v-fin,0
428,aquela,pron-det,0
428,em,prp,0
428,que,pron-indp,0
428,os,art,0
428,dois,num,0
428,amam,n,0
428,.,.,0
429,Arrisco-me,v-fin,0
429,a,prp,0
429,dizer,v-inf,0
429,que,conj-s,0
429,um,art,0
429,alguém,pron-indp,0
429,que,pron-indp,0
429,já,adv,0
429,tenha,v-fin,0
429,respondido,v-pcp,0
429,ao,prp,0
429,outro,pron-det,0
429,‘,prop,0
429,eu,pron-pers,0
429,também,adv,0
429,te,v-fin,0
429,amo,n,0
429,’,adj,0
429,",",",",0
429,já,adv,0
429,visitou,v-fin,0
429,o,art,0
429,céu,n,0
429,.,.,0
430,Portanto,adv,0
430,",",",",0
430,meu,pron-det,0
430,amigo,n,0
430,",",",",0
430,e,conj-c,0
430,assim,adv,0
430,lhe,pron-pers,0
430,chamarei,v-fin,0
430,daqui,n,0
430,em,prp,0
430,diante,n,0
430,",",",",0
430,essa,pron-det,0
430,é,v-fin,0
430,uma,art,0
430,viagem,n,0
430,que,pron-indp,0
430,não,adv,0
430,se,pron-pers,0
430,faz,v-fin,0
430,sozinho,adj,0
430,",",",",0
430,com,prp,0
430,o,art,0
430,incrível,adj,0
430,detalhe,v-fin,0
430,do,v-fin,0
430,caminho,n,0
430,de,prp,0
430,ida,n,0
430,e,conj-c,0
430,de,prp,0
430,chegada,n,0
430,serem,v-inf,0
430,um,art,0
430,só,adj,0
430,.,.,0
431,Por,v-fin,0
431,isso,pron-indp,0
431,",",",",0
431,tanto,adv,0
431,eu,pron-pers,0
431,como,adv,0
431,você,pron-pers,0
431,",",",",0
431,devemos,v-fin,0
431,procurar,v-inf,0
431,em,prp,0
431,outros,pron-det,0
431,a,art,0
431,companhia,n,0
431,para,prp,0
431,essa,pron-det,0
431,sublime,adj,0
431,viagem,n,0
431,.,.,0
432,Finalizo,prop,0
432,",",",",0
432,dizendo,v-ger,0
432,a,art,0
432,você,pron-pers,0
432,que,conj-s,0
432,",",",",0
432,se,conj-s,0
432,por,prp,0
432,acaso,n,0
432,",",",",0
432,o,art,0
432,sofrimento,n,0
432,esbarrar,v-inf,0
432,em,prp,0
432,nós,pron-pers,0
432,",",",",0
432,devemos,v-fin,0
432,fazer,v-inf,0
432,seguir,v-inf,0
432,nosso,pron-det,0
432,percurso,n,0
432,a,prp,0
432,pensar,v-inf,0
432,!,!,0
433,Sendo,v-ger,0
433,impossível,adj,0
433,viver,v-inf,0
433,sem,prp,0
433,sofrer,v-inf,0
433,que,conj-s,0
433,todo,pron-det,0
433,sofrimento,n,0
433,dessa,v-fin,0
433,vida,n,0
433,seja,v-fin,0
433,ao,prp,0
433,menos,adv,0
433,por,prp,0
433,amor,n,0
433,”,adj,0
433,.O,adj,0
433,negro,adj,0
433,Isidro,prop,0
433,tinha,v-fin,0
433,o,art,0
433,semi-analfabetismo,n,0
433,como,adv,0
433,marca,n,0
433,",",",",0
433,mas,conj-c,0
433,era,v-fin,0
433,um,art,0
433,homem,n,0
433,sensível,adj,0
433,.,.,0
434,Ao,prop,0
434,ﬁ,v-fin,0
434,ndar,v-inf,0
434,a,art,0
434,leitura,n,0
434,da,adj,0
434,carta,prop,0
434,",",",",0
434,esvaiu-se,v-fin,0
434,em,prp,0
434,lágrimas,n,0
434,.,.,0
435,E,prop,0
435,",",",",0
435,se,conj-s,0
435,já,adv,0
435,estava,v-fin,0
435,apaixonado,v-pcp,0
435,",",",",0
435,ﬁ,prop,0
435,cou,v-fin,0
435,louco,adv,0
435,pela,n,0
435,mulher,n,0
435,que,pron-indp,0
435,havia,v-fin,0
435,escrito,n,0
435,aquele,pron-det,0
435,monte,n,0
435,de,prp,0
435,lindeza,n,0
435,.,.,0
436,Agora,n,0
436,",",",",0
436,mais,adv,0
436,que,conj-s,0
436,antes,adv,0
436,",",",",0
436,precisava,v-fin,0
436,descobrir,v-inf,0
436,uma,art,0
436,maneira,n,0
436,de,prp,0
436,falar-lhe,n,0
436,sobre,prp,0
436,o,pron-det,0
436,que,pron-indp,0
436,sentia,v-fin,0
436,.,.,0
437,Ele,prop,0
437,queria,v-fin,0
437,ser,v-inf,0
437,o,art,0
437,homem,n,0
437,a,prp,0
437,levá-la,n,0
437,ao,prp,0
437,céu,n,0
437,.,.,0
438,Mas,prop,0
438,",",",",0
438,como,adv,0
438,fazer,v-inf,0
438,isso,pron-indp,0
438,?,?,0
439,O,pron-det,0
439,que,pron-indp,0
439,dizer,v-inf,0
439,a,art,0
439,Cassiana,n,0
439,?,?,0
440,Não,prop,0
440,poderia,v-fin,0
440,revelar,v-inf,0
440,que,conj-s,0
440,lia,prop,0
440,seus,pron-det,0
440,bilhetes,n,0
440,",",",",0
440,seria,v-fin,0
440,uma,art,0
440,feiura,n,0
440,",",",",0
440,ela,pron-pers,0
440,o,art,0
440,desclassiﬁ,n,0
440,caria.Como,adv,0
440,já,adv,0
440,lhes,pron-pers,0
440,disse,v-fin,0
440,",",",",0
440,o,art,0
440,amor,n,0
440,tem,v-fin,0
440,seus,pron-det,0
440,códigos,n,0
440,e,conj-c,0
440,os,art,0
440,decifra,n,0
440,de,prp,0
440,maneira,n,0
440,diferente,adj,0
440,em,prp,0
440,cada,pron-det,0
440,coração,n,0
440,que,pron-indp,0
440,o,art,0
440,sente,n,0
440,.,.,0
441,Nesse,v-fin,0
441,momento,n,0
441,",",",",0
441,a,art,0
441,jovem,adj,0
441,Cassiana,n,0
441,já,adv,0
441,estava,v-fin,0
441,apaixonada,v-pcp,0
441,pelo,adv,0
441,preto,adj,0
441,Isidro,prop,0
441,e,conj-c,0
441,era,v-fin,0
441,justamente,adv,0
441,por,prp,0
441,sentir,v-inf,0
441,essa,pron-det,0
441,paixão,n,0
441,que,pron-indp,0
441,ela,pron-pers,0
441,achava,v-fin,0
441,difícil,adj,0
441,declará-la,n,0
441,.,.,0
442,Para,v-fin,0
442,a,art,0
442,moça,n,0
442,",",",",0
442,falar,v-inf,0
442,de,prp,0
442,amor,n,0
442,para,prp,0
442,qualquer,pron-det,0
442,um,num,0
442,de,prp,0
442,seus,pron-det,0
442,pretendentes,n,0
442,não,adv,0
442,era,v-fin,0
442,tarefa,n,0
442,difícil,adj,0
442,",",",",0
442,fazia,v-fin,0
442,em,prp,0
442,forma,n,0
442,de,prp,0
442,brincadeira,n,0
442,",",",",0
442,usava,v-fin,0
442,a,art,0
442,poesia,n,0
442,que,pron-indp,0
442,lhe,pron-pers,0
442,era,v-fin,0
442,farta,n,0
442,.,.,0
443,Entretanto,n,0
443,",",",",0
443,diante,adv,0
443,do,v-fin,0
443,amor,n,0
443,de,prp,0
443,verdade,n,0
443,",",",",0
443,o,art,0
443,grande,adj,0
443,amor,n,0
443,de,prp,0
443,sua,pron-det,0
443,vida,n,0
443,",",",",0
443,aquele,pron-det,0
443,para,prp,0
443,quem,pron-indp,0
443,vale,v-fin,0
443,a,art,0
443,pena,n,0
443,dizer,v-inf,0
443,",",",",0
443,“,pp,0
443,até,prp,0
443,que,conj-s,0
443,a,art,0
443,morte,n,0
443,nos,pron-pers,0
443,separe,v-fin,0
443,”,prop,0
443,",",",",0
443,faltavam,v-fin,0
443,as,art,0
443,palavras.Dessa,n,0
443,maneira,n,0
443,",",",",0
443,durante,prp,0
443,uma,art,0
443,madrugada,n,0
443,",",",",0
443,a,art,0
443,jovem,adj,0
443,sonhou,v-fin,0
443,com,prp,0
443,aqueles,pron-det,0
443,escritos,n,0
443,sendo,v-ger,0
443,lidos,v-pcp,0
443,por,prp,0
443,Isidro,n,0
443,de,prp,0
443,forma,n,0
443,emocionada,v-pcp,0
443,.,.,0
444,Suas,n,0
444,irmãs,adj,0
444,já,adv,0
444,a,prp,0
444,haviam,v-fin,0
444,advertido,v-pcp,0
444,de,prp,0
444,que,conj-s,0
444,o,art,0
444,negrinho,n,0
444,era,v-fin,0
444,perigoso,adj,0
444,",",",",0
444,possivelmente,adv,0
444,estaria,v-fin,0
444,lendo,v-ger,0
444,os,art,0
444,bilhetes,n,0
444,e,conj-c,0
444,até,prp,0
444,desviando-os,num,0
444,para,prp,0
444,as,art,0
444,suas,pron-det,0
444,muitas,pron-det,0
444,paqueras,n,0
444,.,.,0
445,Mas,prop,0
445,a,art,0
445,ferroada,n,0
445,da,adj,0
445,paixão,n,0
445,não,adv,0
445,quer,v-fin,0
445,saber,v-inf,0
445,de,prp,0
445,certezas,n,0
445,",",",",0
445,o,art,0
445,amor,n,0
445,procura,v-fin,0
445,transformar,v-inf,0
445,positivamente,adv,0
445,para,prp,0
445,si,pron-pers,0
445,o,pron-det,0
445,que,pron-indp,0
445,pode,v-fin,0
445,vir,v-inf,0
445,a,prp,0
445,atrapalhá-lo,n,0
445,.,.,0
446,Assim,adv,0
446,",",",",0
446,a,art,0
446,poeta,n,0
446,brejeira,adj,0
446,compôs,v-fin,0
446,seus,pron-det,0
446,escritos,n,0
446,",",",",0
446,pensando,v-ger,0
446,na,adj,0
446,possibilidade,n,0
446,do,adj,0
446,seu,pron-det,0
446,mensageiro,n,0
446,lêlos,prop,0
446,e,conj-c,0
446,ainda,adv,0
446,que,conj-s,0
446,",",",",0
446,a,prp,0
446,partir,v-inf,0
446,dessa,pp,0
446,leitura,n,0
446,",",",",0
446,entendesse,v-fin,0
446,que,conj-s,0
446,ela,pron-pers,0
446,o,art,0
446,esperava,v-fin,0
446,para,prp,0
446,viverem,v-inf,0
446,o,art,0
446,único,adj,0
446,amor,n,0
446,de,prp,0
446,suas,pron-det,0
446,vidas.Do,n,0
446,outro,pron-det,0
446,lado,n,0
446,dessa,adj,0
446,história,adj,0
446,",",",",0
446,estava,v-fin,0
446,meu,pron-det,0
446,avô,n,0
446,",",",",0
446,que,pron-indp,0
446,sonhava,v-fin,0
446,guiar,v-inf,0
446,uma,art,0
446,carruagem,n,0
446,celestial,adj,0
446,pelas,adj,0
446,nuvens,adj,0
446,",",",",0
446,tendo,v-ger,0
446,ao,prp,0
446,seu,pron-det,0
446,lado,n,0
446,a,art,0
446,amada,n,0
446,",",",",0
446,envolvida,v-pcp,0
446,em,prp,0
446,um,art,0
446,manto,n,0
446,branco,adj,0
446,esvoaçante,adj,0
446,.,.,0
447,Acordava,v-fin,0
447,suado,v-pcp,0
447,e,conj-c,0
447,ﬁ,prop,0
447,cava,v-fin,0
447,a,prp,0
447,perguntar,v-inf,0
447,-se,n,0
447,como,adv,0
447,seria,v-fin,0
447,possível,adj,0
447,ser,v-inf,0
447,o,art,0
447,amor,n,0
447,de,prp,0
447,Cassiana,prop,0
447,já,adv,0
447,sendo,v-ger,0
447,o,art,0
447,amigo,n,0
447,a,prp,0
447,quem,pron-indp,0
447,ela,pron-pers,0
447,conﬁ,v-fin,0
447,ava,v-fin,0
447,suas,pron-det,0
447,cartas,n,0
447,.,.,0
448,Preocupava-se,v-fin,0
448,com,prp,0
448,a,art,0
448,reação,n,0
448,do,adj,0
448,pai,n,0
448,da,adj,0
448,moça,n,0
448,que,pron-indp,0
448,",",",",0
448,certamente,adv,0
448,",",",",0
448,queria,v-fin,0
448,um,art,0
448,bom,adj,0
448,partido,n,0
448,para,prp,0
448,casar,v-inf,0
448,com,prp,0
448,sua,pron-det,0
448,ﬁ,n,0
448,lha.Mas,prop,0
448,",",",",0
448,repentinamente,adv,0
448,",",",",0
448,todas,pron-det,0
448,as,art,0
448,angústias,n,0
448,perdiam,v-fin,0
448,o,art,0
448,sentido,n,0
448,e,conj-c,0
448,o,art,0
448,mais,adv,0
448,importante,adj,0
448,passava,v-fin,0
448,a,prp,0
448,ser,v-inf,0
448,dizer,v-inf,0
448,a,prp,0
448,Cassiana,n,0
448,que,pron-indp,0
448,ela,pron-pers,0
448,era,v-fin,0
448,a,art,0
448,mulher,n,0
448,mais,adv,0
448,especial,adj,0
448,de,prp,0
448,todo,pron-det,0
448,o,art,0
448,mundo,n,0
448,.,.,0
449,Na,prop,0
449,noite,n,0
449,seguinte,adj,0
449,ao,prp,0
449,dia,n,0
449,da,adj,0
449,leitura,n,0
449,da,adj,0
449,carta,v-fin,0
449,reveladora,n,0
449,",",",",0
449,vovô,v-fin,0
449,arrumou-se,n,0
449,todinho,adj,0
449,e,conj-c,0
449,foi,v-fin,0
449,para,prp,0
449,a,art,0
449,casa,n,0
449,de,prp,0
449,sua,pron-det,0
449,amada,n,0
449,.,.,0
450,Cortou,v-fin,0
450,os,art,0
450,já,adv,0
450,curtos,v-pcp,0
450,cabelos,prop,0
450,",",",",0
450,aparou,v-fin,0
450,o,art,0
450,bigode,n,0
450,",",",",0
450,colocou,v-fin,0
450,uma,art,0
450,calça,n,0
450,de,prp,0
450,linho,n,0
450,branco,adj,0
450,",",",",0
450,engomada,v-pcp,0
450,em,prp,0
450,ferro,n,0
450,à,adv,0
450,brasa,prop,0
450,",",",",0
450,sapato,v-fin,0
450,preto,adj,0
450,bem,adv,0
450,engraxado,v-pcp,0
450,",",",",0
450,camisa,n,0
450,de,prp,0
450,mangas,n,0
450,compridas,v-pcp,0
450,com,prp,0
450,listas,n,0
450,verticais,adj,0
450,ensacada,v-pcp,0
450,na,adv,0
450,calça,prop,0
450,",",",",0
450,cinto,n,0
450,de,prp,0
450,couro,n,0
450,cru,adj,0
450,.,.,0
451,Banhou-se,n,0
451,em,prp,0
451,água,n,0
451,de,prp,0
451,cheiro,n,0
451,de,prp,0
451,ﬂ,n,0
451,or,adj,0
451,de,prp,0
451,laranjeira,prop,0
451,",",",",0
451,ﬁ,v-fin,0
451,cando,v-ger,0
451,mais,adv,0
451,cheiroso,adj,0
451,que,pron-indp,0
451,ﬁ,v-fin,0
451,lho,n,0
451,de,prp,0
451,barbeiro,n,0
451,",",",",0
451,e,conj-c,0
451,foi-se,v-fin,0
451,pela,pron-pers,0
451,estrada,v-pcp,0
451,a,prp,0
451,cumprir,v-inf,0
451,seu,pron-det,0
451,destino.Durante,n,0
451,o,art,0
451,percurso,n,0
451,",",",",0
451,que,pron-indp,0
451,fez,v-fin,0
451,a,art,0
451,cavalo,n,0
451,",",",",0
451,seu,pron-det,0
451,coração,n,0
451,batia,v-fin,0
451,acelerado,v-pcp,0
451,",",",",0
451,sabendo,v-ger,0
451,que,conj-s,0
451,valia,v-fin,0
451,qualquer,pron-det,0
451,sacrifício,n,0
451,para,prp,0
451,ﬁ,v-inf,0
451,car,v-inf,0
451,ao,prp,0
451,lado,n,0
451,da,adj,0
451,mulher,n,0
451,de,prp,0
451,sua,pron-det,0
451,vida,n,0
451,.,.,0
452,Ao,prop,0
452,chegar,v-inf,0
452,à,adv,0
452,casa,n,0
452,de,prp,0
452,Cassiana,prop,0
452,",",",",0
452,ela,pron-pers,0
452,o,art,0
452,estava,v-fin,0
452,a,prp,0
452,esperar,v-inf,0
452,sentada,v-pcp,0
452,em,prp,0
452,uma,art,0
452,cadeira,n,0
452,de,prp,0
452,balanço,n,0
452,na,adj,0
452,varanda,n,0
452,lateral,adj,0
452,de,prp,0
452,sua,pron-det,0
452,casa,n,0
452,.,.,0
453,Ao,v-fin,0
453,desmontar,v-inf,0
453,",",",",0
453,olhou-a,v-fin,0
453,lentamente,pron-pers,0
453,e,conj-c,0
453,sentiu,v-fin,0
453,em,prp,0
453,seu,pron-det,0
453,olhar,n,0
453,a,art,0
453,reciprocidade,n,0
453,do,adj,0
453,sentimento.Cassiana,adj,0
453,estava,v-fin,0
453,com,prp,0
453,um,art,0
453,vestido,n,0
453,de,prp,0
453,chita,n,0
453,franzido,v-pcp,0
453,na,conj-c,0
453,cintura,n,0
453,e,conj-c,0
453,com,prp,0
453,bainha,n,0
453,de,prp,0
453,renda,n,0
453,branca,adj,0
453,que,pron-indp,0
453,ia,v-fin,0
453,até,prp,0
453,pouco,pron-det,0
453,abaixo,adv,0
453,do,v-fin,0
453,joelho,prop,0
453,.,.,0
454,Levantou-se,prop,0
454,",",",",0
454,caminhou,v-fin,0
454,até,prp,0
454,a,art,0
454,meia-parede,n,0
454,que,pron-indp,0
454,dividia,v-fin,0
454,a,art,0
454,varanda,n,0
454,do,adj,0
454,quintal,adj,0
454,e,conj-c,0
454,ﬁ,prop,0
454,cou,v-fin,0
454,a,prp,0
454,olhar,v-inf,0
454,o,art,0
454,preto,n,0
454,por,prp,0
454,um,art,0
454,bom,adj,0
454,tempo,n,0
454,.,.,0
455,Isidro,prop,0
455,",",",",0
455,por,prp,0
455,sua,pron-det,0
455,vez,n,0
455,",",",",0
455,ao,prp,0
455,se,pron-pers,0
455,aproximar,v-inf,0
455,da,pp,0
455,futura,adj,0
455,mãe,n,0
455,de,prp,0
455,seus,pron-det,0
455,ﬁ,n,0
455,lhos,adj,0
455,",",",",0
455,a,art,0
455,mulher,n,0
455,a,prp,0
455,quem,pron-indp,0
455,ele,pron-pers,0
455,acompanharia,v-fin,0
455,até,prp,0
455,o,art,0
455,último,adj,0
455,instante,n,0
455,de,prp,0
455,vida,n,0
455,",",",",0
455,perdeu,v-fin,0
455,a,art,0
455,voz,n,0
455,.,.,0
456,Olhou,v-fin,0
456,nos,pron-pers,0
456,olhos,n,0
456,da,v-fin,0
456,moça,n,0
456,e,conj-c,0
456,sentiu,v-fin,0
456,uma,art,0
456,pontada,v-pcp,0
456,no,adv,0
456,estômago,n,0
456,ao,prp,0
456,ver-se,n,0
456,neles,prop,0
456,.,.,0
457,Era,adv,0
457,como,adv,0
457,se,pron-pers,0
457,o,art,0
457,negrume,n,0
457,daquele,v-fin,0
457,olhar,v-inf,0
457,epigrafasse,v-fin,0
457,o,art,0
457,seu,pron-det,0
457,nome,n,0
457,no,v-fin,0
457,horizonte,adv,0
457,.,.,0
458,Se,conj-s,0
458,existia,v-fin,0
458,ainda,adv,0
458,qualquer,pron-det,0
458,dúvida,n,0
458,ou,conj-c,0
458,medo,n,0
458,em,prp,0
458,encarar,v-inf,0
458,o,art,0
458,futuro,n,0
458,",",",",0
458,naquele,v-fin,0
458,instante,adv,0
458,",",",",0
458,ﬁ,prop,0
458,cara,v-fin,0
458,claro,adj,0
458,que,conj-s,0
458,correr,v-inf,0
458,o,art,0
458,risco,n,0
458,seria,v-fin,0
458,o,art,0
458,mínimo,adj,0
458,a,prp,0
458,se,pron-pers,0
458,fazer.Campina,v-fin,0
458,Grande,prop,0
458,",",",",0
458,a,art,0
458,antiga,adj,0
458,Vila,n,0
458,Nova,adj,0
458,da,n,0
458,Rainha,adj,0
458,",",",",0
458,é,v-fin,0
458,herdeira,adj,0
458,de,prp,0
458,uma,art,0
458,tradição,n,0
458,cosmopolita,adj,0
458,",",",",0
458,pois,conj-s,0
458,seus,pron-det,0
458,fundadores,n,0
458,",",",",0
458,o,art,0
458,índio,n,0
458,",",",",0
458,o,art,0
458,tropeiro,n,0
458,e,conj-c,0
458,o,art,0
458,apanhador,n,0
458,de,prp,0
458,algodão,prop,0
458,",",",",0
458,garantem-lhe,prop,0
458,",",",",0
458,logo,adv,0
458,de,prp,0
458,início,n,0
458,",",",",0
458,essa,pron-det,0
458,característica,n,0
458,.,.,0
459,Segundo,prp,0
459,a,art,0
459,historiograﬁ,n,0
459,a,prp,0
459,",",",",0
459,essa,pron-det,0
459,cidade,n,0
459,ﬁ,v-fin,0
459,rmava-se,v-fin,0
459,como,adv,0
459,o,art,0
459,grande,adj,0
459,polo,n,0
459,econômico,adj,0
459,da,v-fin,0
459,região,n,0
459,",",",",0
459,uma,art,0
459,espécie,n,0
459,de,prp,0
459,nova,adj,0
459,Meca,n,0
459,",",",",0
459,para,prp,0
459,onde,adv,0
459,nordestinos,adj,0
459,insatisfeitos,adj,0
459,com,prp,0
459,a,art,0
459,vida,n,0
459,corriam,v-fin,0
459,.,.,0
460,A,art,0
460,Princesinha,n,0
460,da,adj,0
460,Borborema,adj,0
460,–,adj,0
460,apelido,v-pcp,0
460,que,pron-indp,0
460,lhe,pron-pers,0
460,foi,v-fin,0
460,atribuído,v-pcp,0
460,por,prp,0
460,seus,pron-det,0
460,orgulhosos,n,0
460,moradores,n,0
460,–,prop,0
460,era,v-fin,0
460,o,art,0
460,ponto,n,0
460,para,prp,0
460,onde,adv,0
460,convergiam,v-fin,0
460,retirantes,n,0
460,",",",",0
460,comerciantes,n,0
460,",",",",0
460,tropeiros,n,0
460,",",",",0
460,tangedores,n,0
460,de,prp,0
460,boiada,n,0
460,",",",",0
460,aventureiros,n,0
460,",",",",0
460,meretrizes,prop,0
460,",",",",0
460,traﬁ,n,0
460,cantes,adj,0
460,",",",",0
460,jogadores,n,0
460,",",",",0
460,cantadores,prop,0
460,",",",",0
460,repentistas,n,0
460,",",",",0
460,poetas,n,0
460,",",",",0
460,músicos,n,0
460,e,conj-c,0
460,outros,pron-det,0
460,peregrinos,n,0
460,que,pron-indp,0
460,buscavam,v-fin,0
460,dinheiro,n,0
460,e,conj-c,0
460,diversão,n,0
460,.,.,0
461,Mistura,n,0
461,esta,pron-det,0
461,",",",",0
461,que,pron-indp,0
461,apura,v-fin,0
461,na,adj,0
461,cidade,n,0
461,",",",",0
461,o,art,0
461,gosto,n,0
461,pela,v-fin,0
461,poesia,n,0
461,e,conj-c,0
461,pela,n,0
461,aventura.O,adv,0
461,maior,adj,0
461,privilégio,n,0
461,da,adj,0
461,cidade,n,0
461,",",",",0
461,segundo,prp,0
461,meus,pron-det,0
461,pomposos,n,0
461,conterrâneos,adj,0
461,",",",",0
461,é,v-fin,0
461,a,art,0
461,sua,pron-det,0
461,destacada,adj,0
461,posição,n,0
461,geográﬁ,adj,0
461,ca,prop,0
461,.,.,0
462,Pequena,adj,0
462,metrópole,n,0
462,localizada,v-pcp,0
462,na,adv,0
462,Serra,prop,0
462,da,v-fin,0
462,Borborema,n,0
462,",",",",0
462,distante,adj,0
462,cento,n,0
462,e,conj-c,0
462,vinte,adv,0
462,quilômetros,n,0
462,da,adj,0
462,capital,adj,0
462,",",",",0
462,João,prop,0
462,Pessoa,prop,0
462,",",",",0
462,praticamente,adv,0
462,no,adj,0
462,centro,n,0
462,geográﬁ,adj,0
462,co,v-fin,0
462,do,v-inf,0
462,Nordeste,n,0
462,.,.,0
463,Desde,v-fin,0
463,o,art,0
463,início,n,0
463,do,adj,0
463,século,n,0
463,vinte,adj,0
463,",",",",0
463,serviu,v-fin,0
463,de,prp,0
463,entreposto,n,0
463,aos,adj,0
463,viajantes,adj,0
463,dos,v-pcp,0
463,sertões,n,0
463,",",",",0
463,siridós,prop,0
463,",",",",0
463,cariris,prop,0
463,e,conj-c,0
463,brejos,n,0
463,dos,v-pcp,0
463,estados,v-pcp,0
463,da,adv,0
463,Paraíba,prop,0
463,",",",",0
463,Ceará,prop,0
463,",",",",0
463,Piauí,prop,0
463,",",",",0
463,Rio,prop,0
463,Grande,v-fin,0
463,do,n,0
463,Norte,adj,0
463,",",",",0
463,entre,prp,0
463,outros,pron-det,0
463,estados,n,0
463,nordestinos,adj,0
463,.,.,0
464,Inicialmente,adv,0
464,",",",",0
464,são,v-fin,0
464,os,art,0
464,tropeiros,n,0
464,de,prp,0
464,vendas,n,0
464,de,prp,0
464,gados,n,0
464,e,conj-c,0
464,produtos,n,0
464,agrícolas,adj,0
464,;,;,0
464,posteriormente,adv,0
464,",",",",0
464,é,v-fin,0
464,o,art,0
464,algodão,n,0
464,–,adj,0
464,ouro,n,0
464,branco,adj,0
464,–,v-fin,0
464,que,conj-s,0
464,se,pron-pers,0
464,destaca,v-fin,0
464,em,prp,0
464,grande,adj,0
464,comercialização,n,0
464,interna,adj,0
464,e,conj-c,0
464,externa,adj,0
464,",",",",0
464,atingindo,v-ger,0
464,seu,pron-det,0
464,apogeu,n,0
464,na,adj,0
464,década,v-pcp,0
464,de,prp,0
464,1930,num,0
464,.,.,0
465,Com,v-fin,0
465,a,art,0
465,segunda,adj,0
465,guerra,n,0
465,mundial,adj,0
465,",",",",0
465,o,art,0
465,ouro,n,0
465,branco,prop,0
465,entra,v-fin,0
465,deﬁ,pp,0
465,nitivamente,adv,0
465,em,prp,0
465,decadência,n,0
465,",",",",0
465,entretanto,adv,0
465,",",",",0
465,a,art,0
465,cidade,n,0
465,",",",",0
465,principalmente,adv,0
465,através,adv,0
465,de,prp,0
465,sua,pron-det,0
465,feira,n,0
465,livre,adj,0
465,",",",",0
465,assume,v-fin,0
465,a,art,0
465,função,n,0
465,de,prp,0
465,importante,adj,0
465,polo,n,0
465,de,prp,0
465,comercialização,n,0
465,da,adj,0
465,região,n,0
465,",",",",0
465,de,prp,0
465,produtos,n,0
465,no,adj,0
465,atacado,v-pcp,0
465,e,conj-c,0
465,no,adj,0
465,varejo,n,0
465,.,.,0
466,Não,v-fin,0
466,posso,v-fin,0
466,me,pron-pers,0
466,esquecer,v-inf,0
466,da,pp,0
466,feira,n,0
466,central,adj,0
466,.,.,0
467,Jamais,adv,0
467,fui,v-fin,0
467,a,prp,0
467,uma,art,0
467,feira,n,0
467,como,adv,0
467,a,pron-det,0
467,de,prp,0
467,Campina,n,0
467,Grande,v-fin,0
467,:,prop,0
467,nasce,adv,0
467,aí,adv,0
467,o,art,0
467,meu,pron-det,0
467,fascínio,n,0
467,pelas,adj,0
467,feiras,adj,0
467,.,.,0
468,De,prop,0
468,certo,adj,0
468,que,conj-s,0
468,existe,v-fin,0
468,a,art,0
468,polêmica,n,0
468,se,pron-pers,0
468,é,v-fin,0
468,ou,conj-c,0
468,não,adv,0
468,maior,adj,0
468,que,conj-s,0
468,a,art,0
468,feira,n,0
468,de,prp,0
468,Caruaru,prop,0
468,",",",",0
468,mas,conj-c,0
468,eu,pron-pers,0
468,aﬁ,v-fin,0
468,rmo,v-inf,0
468,sem,prp,0
468,pestanejar,v-inf,0
468,que,conj-s,0
468,a,pron-det,0
468,de,prp,0
468,Campina,prop,0
468,é,v-fin,0
468,maior,adj,0
468,e,conj-c,0
468,bem,adv,0
468,melhor,adj,0
468,.,.,0
469,Nesta,n,0
469,feira,n,0
469,encontra-se,n,0
469,",",",",0
469,como,adv,0
469,se,pron-pers,0
469,diz,v-fin,0
469,no,prop,0
469,Ceará,v-fin,0
469,",",",",0
469,“,n,0
469,de,prp,0
469,um,art,0
469,tudo,pron-indp,0
469,”,v-fin,0
469,:,adj,0
469,remédio,n,0
469,para,prp,0
469,achar,v-inf,0
469,amor,n,0
469,perdido,v-pcp,0
469,",",",",0
469,simpatia,n,0
469,para,prp,0
469,afugentar,v-inf,0
469,vizinho,n,0
469,ruim,adj,0
469,",",",",0
469,chá,v-fin,0
469,para,prp,0
469,curar,v-inf,0
469,mau,adj,0
469,olhado,v-pcp,0
469,",",",",0
469,banho,n,0
469,de,prp,0
469,ervas,n,0
469,para,prp,0
469,segurar,v-inf,0
469,ﬁ,n,0
469,lha,adj,0
469,teimosa,adj,0
469,em,prp,0
469,casa,n,0
469,",",",",0
469,gotas,n,0
469,para,prp,0
469,passar,v-inf,0
469,dor,n,0
469,de,prp,0
469,calos,n,0
469,;,;,0
469,e,conj-c,0
469,coisas,n,0
469,mais,adv,0
469,concretas,adj,0
469,como,adv,0
469,",",",",0
469,pneus,prop,0
469,",",",",0
469,parafusos,n,0
469,para,prp,0
469,cabo,n,0
469,de,prp,0
469,serrote,n,0
469,",",",",0
469,produtos,n,0
469,para,prp,0
469,vestimenta,n,0
469,",",",",0
469,gêneros,n,0
469,alimentícios,adj,0
469,diversos,adj,0
469,;,;,0
469,e,conj-c,0
469,",",",",0
469,é,v-fin,0
469,claro,adj,0
469,",",",",0
469,a,art,0
469,dose,n,0
469,de,prp,0
469,brejeira,n,0
469,que,pron-indp,0
469,antecede,v-fin,0
469,ao,prp,0
469,suculento,n,0
469,picado,v-pcp,0
469,de,prp,0
469,bode,n,0
469,na,adj,0
469,barraca,adj,0
469,da,adj,0
469,Dona,v-fin,0
469,Zefa,n,0
469,.,.,0
470,O,pron-det,0
470,que,pron-indp,0
470,mais,adv,0
470,me,pron-pers,0
470,lembro,v-fin,0
470,",",",",0
470,contudo,adv,0
470,",",",",0
470,é,v-fin,0
470,o,art,0
470,cheiro,n,0
470,da,v-fin,0
470,transição,n,0
470,entre,prp,0
470,as,art,0
470,barracas,n,0
470,das,v-pcp,0
470,ﬂ,v-fin,0
470,ores,n,0
470,com,prp,0
470,as,art,0
470,dos,n,0
470,peixes,adj,0
470,.,.,0
471,Minha,prop,0
471,nossa,pron-det,0
471,!,!,0
472,Chego,prop,0
472,até,prp,0
472,a,art,0
472,tomar,v-inf,0
472,a,art,0
472,respiração,n,0
472,para,prp,0
472,ver,v-inf,0
472,se,conj-s,0
472,sinto,v-fin,0
472,aquela,pron-det,0
472,coisa,n,0
472,doida,v-pcp,0
472,!,!,0
473,Que,prop,0
473,aroma,v-fin,0
473,estranho,adj,0
473,e,conj-c,0
473,sedutor,n,0
473,!,!,0
474,A,art,0
474,entrada,n,0
474,das,v-pcp,0
474,barracas,adj,0
474,que,pron-indp,0
474,vendem,v-fin,0
474,ﬂ,v-inf,0
474,ores,n,0
474,está,v-fin,0
474,lá,adv,0
474,até,prp,0
474,hoje,adv,0
474,",",",",0
474,ﬁ,v-fin,0
474,ca,prop,0
474,no,adj,0
474,cruzamento,n,0
474,das,v-pcp,0
474,ruas,n,0
474,Vila,n,0
474,Nova,adj,0
474,da,n,0
474,Rainha,adj,0
474,com,prp,0
474,a,art,0
474,Rua,n,0
474,Manuel,prop,0
474,Farias,n,0
474,de,prp,0
474,Leite,n,0
474,.,.,0
475,Seguindo,v-ger,0
475,por,prp,0
475,esta,pron-det,0
475,rua,n,0
475,",",",",0
475,cruza-se,v-fin,0
475,a,art,0
475,Rua,n,0
475,Antônio,prop,0
475,de,prp,0
475,Sá,prop,0
475,",",",",0
475,onde,adv,0
475,se,pron-pers,0
475,concentra,v-fin,0
475,a,art,0
475,maioria,n,0
475,dos,v-pcp,0
475,barraqueiros,n,0
475,que,pron-indp,0
475,vendem,v-fin,0
475,peixes,n,0
475,.,.,0
476,Seguindo,v-ger,0
476,",",",",0
476,encontramos,v-fin,0
476,as,art,0
476,barracas,n,0
476,de,prp,0
476,carne,n,0
476,.,.,0
477,É,adv,0
477,indescritível,adj,0
477,a,art,0
477,arrumação,n,0
477,das,v-pcp,0
477,carnes,n,0
477,penduradas,v-pcp,0
477,",",",",0
477,suas,pron-det,0
477,cores,n,0
477,e,conj-c,0
477,formas,n,0
477,são,v-fin,0
477,colossais,adj,0
477,.,.,0
478,É,v-fin,0
478,isso,pron-indp,0
478,apenas,adv,0
478,o,pron-det,0
478,que,pron-indp,0
478,posso,v-fin,0
478,comentar,v-inf,0
478,",",",",0
478,se,conj-s,0
478,eu,pron-pers,0
478,continuar,v-inf,0
478,falando,v-ger,0
478,da,n,0
478,feira,n,0
478,",",",",0
478,embriagome,n,0
478,e,conj-c,0
478,não,adv,0
478,termino,v-fin,0
478,a,art,0
478,história.O,n,0
478,carisma,n,0
478,de,prp,0
478,minha,pron-det,0
478,avó,n,0
478,era,v-fin,0
478,o,pron-det,0
478,que,pron-indp,0
478,garantia,v-fin,0
478,a,art,0
478,união,n,0
478,dos,v-pcp,0
478,parentes,adj,0
478,.,.,0
479,Precisamente,adv,0
479,",",",",0
479,nesta,adj,0
479,união,n,0
479,",",",",0
479,radica-se,prop,0
479,",",",",0
479,a,art,0
479,meu,pron-det,0
479,ver,v-inf,0
479,",",",",0
479,o,art,0
479,resultado,n,0
479,de,prp,0
479,não,adv,0
479,termos,v-fin,0
479,nos,pron-pers,0
479,marginalizado,v-pcp,0
479,.,.,0
480,Para,adv,0
480,nós,pron-pers,0
480,",",",",0
480,meu,pron-det,0
480,avô,n,0
480,foi,v-fin,0
480,imprescindível,adj,0
480,na,adv,0
480,guarda,v-fin,0
480,da,n,0
480,memória,n,0
480,de,prp,0
480,nossa,pron-det,0
480,origem,n,0
480,.,.,0
481,Todos,v-pcp,0
481,os,art,0
481,ﬁ,n,0
481,lhos,adj,0
481,do,v-fin,0
481,casal,n,0
481,e,conj-c,0
481,mais,adv,0
481,o,art,0
481,Tio,n,0
481,Jotão,prop,0
481,têm,v-fin,0
481,participação,n,0
481,deﬁ,adj,0
481,nitiva,adj,0
481,na,adj,0
481,manutenção,n,0
481,dos,v-pcp,0
481,valores,n,0
481,e,conj-c,0
481,na,n,0
481,busca,n,0
481,de,prp,0
481,vida,n,0
481,coletiva,adj,0
481,que,pron-indp,0
481,nós,pron-pers,0
481,trazemos,v-fin,0
481,conosco,adj,0
481,.,.,0
482,Foi,v-fin,0
482,o,art,0
482,marido,n,0
482,de,prp,0
482,Tia,n,0
482,Pilá,v-fin,0
482,quem,pron-indp,0
482,iniciou,v-fin,0
482,a,art,0
482,transferência,n,0
482,da,adj,0
482,família,n,0
482,para,prp,0
482,o,art,0
482,Rio,prop,0
482,e,conj-c,0
482,se,pron-pers,0
482,mantém,v-fin,0
482,como,adv,0
482,referência,n,0
482,paterna,adj,0
482,para,prp,0
482,muitos,pron-det,0
482,de,prp,0
482,nós.Começarei,n,0
482,a,art,0
482,descrição,n,0
482,dos,v-pcp,0
482,ﬁ,adv,0
482,lhos,adj,0
482,do,v-fin,0
482,casal,n,0
482,Cassiana,adj,0
482,e,conj-c,0
482,Isidro,adj,0
482,pela,n,0
482,Dona,adj,0
482,Maria,adj,0
482,Janaína,adj,0
482,",",",",0
482,minha,pron-det,0
482,poderosa,adj,0
482,mãe,n,0
482,.,.,0
483,Não,prop,0
483,ﬁ,v-fin,0
483,z,n,0
483,esta,pron-det,0
483,opção,n,0
483,por,prp,0
483,acreditar,v-inf,0
483,que,conj-s,0
483,essa,pron-det,0
483,mulher,n,0
483,seja,v-fin,0
483,mais,adv,0
483,importante,adj,0
483,da,n,0
483,história,adj,0
483,.,.,0
484,Essa,prop,0
484,escolha,n,0
484,justiﬁ,v-fin,0
484,ca-se,n,0
484,por,prp,0
484,ela,pron-pers,0
484,ser,v-inf,0
484,a,art,0
484,primogênita,n,0
484,do,adj,0
484,casal,adj,0
484,e,conj-c,0
484,",",",",0
484,como,adv,0
484,ela,pron-pers,0
484,mesma,pron-det,0
484,costuma,v-fin,0
484,dizer,v-inf,0
484,orgulhosamente,adv,0
484,",",",",0
484,ser,v-inf,0
484,fruto,adj,0
484,da,adj,0
484,primeira,adj,0
484,relação,n,0
484,sexual,adj,0
484,de,prp,0
484,minha,pron-det,0
484,avó,n,0
484,.,.,0
485,Maria,v-fin,0
485,Janaína,adj,0
485,é,v-fin,0
485,a,art,0
485,maior,adj,0
485,mulher,n,0
485,que,pron-indp,0
485,conheci,v-fin,0
485,até,prp,0
485,hoje,adv,0
485,.,.,0
486,Na,n,0
486,vida,n,0
486,real,adj,0
486,",",",",0
486,ainda,adv,0
486,não,adv,0
486,encontrei,v-fin,0
486,uma,art,0
486,pessoa,n,0
486,do,adj,0
486,sexo,n,0
486,feminino,adj,0
486,como,adv,0
486,ela,pron-pers,0
486,.,.,0
487,Além,prop,0
487,de,prp,0
487,não,adv,0
487,gostar,v-inf,0
487,de,prp,0
487,ser,v-inf,0
487,chamada,v-pcp,0
487,de,prp,0
487,dona,prop,0
487,",",",",0
487,desde,prp,0
487,os,art,0
487,tempos,n,0
487,idos,v-pcp,0
487,do,v-fin,0
487,Brejo,adj,0
487,paraibano,adj,0
487,",",",",0
487,sempre,adv,0
487,namorou,v-fin,0
487,quem,pron-indp,0
487,quis,v-fin,0
487,",",",",0
487,nunca,adv,0
487,",",",",0
487,em,prp,0
487,momento,n,0
487,nenhum,pron-det,0
487,de,prp,0
487,sua,pron-det,0
487,existência,n,0
487,",",",",0
487,abandonou,v-fin,0
487,os,art,0
487,pais,n,0
487,ou,conj-c,0
487,os,art,0
487,ﬁ,n,0
487,lhos,adj,0
487,",",",",0
487,e,conj-c,0
487,foi,v-fin,0
487,",",",",0
487,sem,prp,0
487,dúvida,n,0
487,",",",",0
487,quem,pron-indp,0
487,mais,adv,0
487,apoio,n,0
487,ﬁ,adj,0
487,nanceiro,adj,0
487,concedeu,v-fin,0
487,à,adv,0
487,família,n,0
487,:,adj,0
487,toda,pron-det,0
487,a,art,0
487,família,n,0
487,",",",",0
487,não,adv,0
487,só,adv,0
487,os,art,0
487,pais,n,0
487,e,conj-c,0
487,os,art,0
487,ﬁ,num,0
487,lhos,n,0
487,.,.,0
488,Os,art,0
488,olhos,n,0
488,grandes,adj,0
488,e,conj-c,0
488,negros,adj,0
488,de,prp,0
488,Janaína,prop,0
488,lembram,v-fin,0
488,sua,pron-det,0
488,mãe,n,0
488,",",",",0
488,o,art,0
488,nariz,n,0
488,aﬁ,v-fin,0
488,lado,n,0
488,recor,adj,0
488,da,v-fin,0
488,o,art,0
488,pai,n,0
488,e,conj-c,0
488,uma,art,0
488,gargalhada,n,0
488,nada,adj,0
488,discreta,adj,0
488,e,conj-c,0
488,corajosa,adj,0
488,é,v-fin,0
488,só,adv,0
488,dela,n,0
488,.,.,0
489,As,v-fin,0
489,pernas,n,0
489,da,adj,0
489,coroa,n,0
489,são,v-fin,0
489,impecavelmente,adv,0
489,lisas,adj,0
489,e,conj-c,0
489,lindas,v-pcp,0
489,",",",",0
489,por,prp,0
489,isso,pron-indp,0
489,",",",",0
489,quando,adv,0
489,vejo,v-fin,0
489,um,art,0
489,desﬁ,n,0
489,le,adj,0
489,de,prp,0
489,moda,n,0
489,",",",",0
489,inevitavelmente,adv,0
489,",",",",0
489,lembro,n,0
489,da,adj,0
489,criatura,v-fin,0
489,que,pron-indp,0
489,me,pron-pers,0
489,pôs,v-fin,0
489,no,adv,0
489,mundo,n,0
489,.,.,0
490,Em,n,0
490,geral,adj,0
490,",",",",0
490,as,art,0
490,modelos,n,0
490,fazem,v-fin,0
490,um,art,0
490,esforço,n,0
490,para,prp,0
490,andarem,v-inf,0
490,elegantemente,adv,0
490,nas,adj,0
490,passarelas,n,0
490,",",",",0
490,mas,conj-c,0
490,a,art,0
490,mulher,n,0
490,que,pron-indp,0
490,me,pron-pers,0
490,gerou,v-fin,0
490,anda,n,0
490,de,prp,0
490,salto,n,0
490,alto,adj,0
490,em,prp,0
490,pleno,adj,0
490,calçamento,n,0
490,",",",",0
490,com,prp,0
490,uma,art,0
490,elegância,n,0
490,de,prp,0
490,fazer,v-inf,0
490,inveja,n,0
490,a,prp,0
490,Naomi,prop,0
490,Campbel,v-fin,0
490,em,prp,0
490,desﬁ,n,0
490,le,adj,0
490,de,prp,0
490,alta,adj,0
490,costura,n,0
490,de,prp,0
490,Milão,prop,0
490,.,.,0
491,Aos,prop,0
491,sessenta,adj,0
491,e,conj-c,0
491,cinco,num,0
491,anos,n,0
491,",",",",0
491,aﬁ,v-fin,0
491,rma,v-fin,0
491,ter,v-inf,0
491,dois,num,0
491,grandes,adj,0
491,prazeres,n,0
491,na,adv,0
491,vida,n,0
491,:,adj,0
491,sexo,adj,0
491,e,conj-c,0
491,cerveja,n,0
491,.,.,0
492,Conta,v-fin,0
492,que,conj-s,0
492,teve,v-fin,0
492,a,art,0
492,primeira,adj,0
492,relação,n,0
492,sexual,adj,0
492,aos,v-fin,0
492,dezessete,num,0
492,anos,n,0
492,",",",",0
492,debaixo,adv,0
492,de,prp,0
492,um,art,0
492,pé,n,0
492,de,prp,0
492,maracujá,n,0
492,que,pron-indp,0
492,ﬁ,prop,0
492,cava,v-fin,0
492,nos,pron-pers,0
492,fundos,n,0
492,do,adj,0
492,quintal,adj,0
492,de,prp,0
492,casa,n,0
492,.,.,0
493,Para,n,0
493,tal,pron-det,0
493,empreitada,n,0
493,",",",",0
493,despistou,v-fin,0
493,o,art,0
493,Mandu,prop,0
493,",",",",0
493,seu,pron-det,0
493,irmão,n,0
493,mais,adv,0
493,novo,adj,0
493,",",",",0
493,que,pron-indp,0
493,ﬁ,prop,0
493,cava,v-fin,0
493,no,adv,0
493,encalço,adj,0
493,dela,n,0
493,e,conj-c,0
493,do,v-fin,0
493,namorado,v-pcp,0
493,.,.,0
494,Mesmo,adv,0
494,com,prp,0
494,os,art,0
494,apelos,n,0
494,contrários,adj,0
494,da,adj,0
494,moçoila,prop,0
494,",",",",0
494,foi,v-fin,0
494,obrigada,v-pcp,0
494,a,prp,0
494,casarse,prop,0
494,",",",",0
494,na,prop,0
494,delegacia,pp,0
494,",",",",0
494,como,adv,0
494,era,v-fin,0
494,o,art,0
494,costume,n,0
494,no,adj,0
494,Brejo,prop,0
494,e,conj-c,0
494,",",",",0
494,assim,adv,0
494,",",",",0
494,limpar,v-inf,0
494,a,art,0
494,honra,n,0
494,da,v-fin,0
494,família.Como,adv,0
494,a,art,0
494,espevitada,n,0
494,da,adj,0
494,Janaína,n,0
494,estava,v-fin,0
494,à,adv,0
494,frente,n,0
494,do,adj,0
494,seu,pron-det,0
494,tempo,n,0
494,",",",",0
494,implorou,v-fin,0
494,ao,prp,0
494,seu,pron-det,0
494,Isidro,n,0
494,para,prp,0
494,não,adv,0
494,casar,v-inf,0
494,",",",",0
494,explicando,v-ger,0
494,que,conj-s,0
494,não,adv,0
494,amava,v-fin,0
494,o,art,0
494,namorado,n,0
494,e,conj-c,0
494,que,pron-indp,0
494,só,adv,0
494,queria,v-fin,0
494,saber,v-inf,0
494,como,adv,0
494,era,v-fin,0
494,fazer,v-inf,0
494,sexo,n,0
494,.,.,0
495,O,art,0
495,implacável,adj,0
495,e,conj-c,0
495,envergonhado,v-pcp,0
495,pai,n,0
495,não,adv,0
495,lhe,pron-pers,0
495,deu,v-fin,0
495,ouvidos,n,0
495,.,.,0
496,Resultado,v-pcp,0
496,:,adv,0
496,Janaina,v-fin,0
496,casou-se,n,0
496,num,pron-pers,0
496,dia,n,0
496,e,conj-c,0
496,no,n,0
496,outro,pron-det,0
496,foi,v-fin,0
496,abandonada,v-pcp,0
496,.,.,0
497,O,art,0
497,marido,n,0
497,saiu,v-fin,0
497,dizendo,v-ger,0
497,que,conj-s,0
497,ia,v-fin,0
497,visitar,v-inf,0
497,os,art,0
497,pais,n,0
497,e,conj-c,0
497,nunca,adv,0
497,mais,adv,0
497,voltou,v-fin,0
497,ou,conj-c,0
497,mandou,v-fin,0
497,notícias,n,0
497,.,.,0
498,A,art,0
498,moça,n,0
498,",",",",0
498,ao,prp,0
498,que,pron-indp,0
498,me,pron-pers,0
498,parece,v-fin,0
498,",",",",0
498,achou,v-fin,0
498,muito,adv,0
498,boa,adj,0
498,a,art,0
498,experiência,n,0
498,de,prp,0
498,sexo,n,0
498,sem,prp,0
498,convivência,n,0
498,",",",",0
498,pois,conj-s,0
498,até,prp,0
498,hoje,adv,0
498,ela,pron-pers,0
498,vive,v-fin,0
498,do,v-inf,0
498,mesmo,adv,0
498,jeito,n,0
498,.,.,0
499,Nunca,prop,0
499,conviveu,v-fin,0
499,estavelmente,adv,0
499,com,prp,0
499,alguém,pron-indp,0
499,",",",",0
499,bem,adv,0
499,que,pron-indp,0
499,tentou,v-fin,0
499,algumas,pron-det,0
499,vezes,n,0
499,",",",",0
499,mas,conj-c,0
499,todas,pron-det,0
499,fracassaram,v-fin,0
499,.,.,0
500,Parece,v-fin,0
500,irônico,adj,0
500,",",",",0
500,mas,conj-c,0
500,escutamos,v-fin,0
500,de,prp,0
500,sua,pron-det,0
500,boca,n,0
500,",",",",0
500,com,prp,0
500,aguda,n,0
500,frequência,n,0
500,",",",",0
500,as,art,0
500,lamentações,n,0
500,de,prp,0
500,não,adv,0
500,ter,v-inf,0
500,alguém,pron-indp,0
500,para,prp,0
500,dividir,v-inf,0
500,",",",",0
500,além,pp,0
500,do,adj,0
500,sexo,n,0
500,",",",",0
500,as,art,0
500,artimanhas,n,0
500,do,adj,0
500,cotidiano,adj,0
500,.,.,0
501,Aliás,prop,0
501,",",",",0
501,falar,v-inf,0
501,muito,adv,0
501,é,v-fin,0
501,uma,art,0
501,das,n,0
501,marcas,adj,0
501,de,prp,0
501,Dona,n,0
501,Janaína,adj,0
501,.,.,0
502,O,art,0
502,Tio,n,0
502,Mandu,v-fin,0
502,costuma,v-fin,0
502,dizer,v-inf,0
502,que,conj-s,0
502,ela,pron-pers,0
502,fala,v-fin,0
502,",",",",0
502,depois,adv,0
502,pensa.Meu,v-fin,0
502,pai,n,0
502,",",",",0
502,seu,pron-det,0
502,Dandão,n,0
502,",",",",0
502,surgiu,v-fin,0
502,em,prp,0
502,sua,pron-det,0
502,vida,n,0
502,logo,adv,0
502,após,prp,0
502,o,art,0
502,ﬁ,n,0
502,m,adj,0
502,do,v-fin,0
502,frustrado,v-pcp,0
502,casamento,n,0
502,.,.,0
503,Sobre,prop,0
503,ele,pron-pers,0
503,não,adv,0
503,tenho,v-fin,0
503,muito,adv,0
503,a,prp,0
503,falar,v-inf,0
503,",",",",0
503,pois,conj-s,0
503,ela,pron-pers,0
503,se,pron-pers,0
503,magoa,v-fin,0
503,com,prp,0
503,o,art,0
503,simples,adj,0
503,fato,n,0
503,de,prp,0
503,uma,art,0
503,pergunta,n,0
503,sobre,prp,0
503,o,art,0
503,paradeiro,n,0
503,dele,prop,0
503,.,.,0
504,Conforme,adv,0
504,já,adv,0
504,adiantei,v-fin,0
504,",",",",0
504,não,adv,0
504,o,pron-pers,0
504,conheci,v-fin,0
504,.,.,0
505,Porém,prop,0
505,",",",",0
505,para,prp,0
505,a,art,0
505,compreensão,n,0
505,de,prp,0
505,vocês,n,0
505,",",",",0
505,é,v-fin,0
505,preciso,adj,0
505,que,conj-s,0
505,lhes,pron-pers,0
505,traga,v-fin,0
505,as,art,0
505,informações,n,0
505,que,pron-indp,0
505,os,art,0
505,mais,adv,0
505,velhos,adj,0
505,têm,v-fin,0
505,sobre,prp,0
505,essa,pron-det,0
505,relação,n,0
505,.,.,0
506,Dona,n,0
506,Cassiana,adj,0
506,costumava,v-fin,0
506,dizer,v-inf,0
506,que,conj-s,0
506,Dandão,prop,0
506,era,v-fin,0
506,um,art,0
506,bom,adj,0
506,homem,n,0
506,",",",",0
506,apaixonado,v-pcp,0
506,pela,n,0
506,adolescente,adv,0
506,valente,adj,0
506,.,.,0
507,Tia,prop,0
507,Pilá,prop,0
507,argumenta,v-fin,0
507,que,conj-s,0
507,meu,pron-det,0
507,pai,n,0
507,viajou,v-fin,0
507,a,art,0
507,São,prop,0
507,Paulo,adj,0
507,",",",",0
507,prometendo,v-ger,0
507,mandar,v-inf,0
507,buscar,v-inf,0
507,a,art,0
507,jovem,adj,0
507,amante,adj,0
507,com,prp,0
507,os,art,0
507,dois,num,0
507,ﬁ,n,0
507,lhos,adj,0
507,",",",",0
507,eu,pron-pers,0
507,e,conj-c,0
507,Biboca,v-fin,0
507,",",",",0
507,porém,adv,0
507,",",",",0
507,logo,adv,0
507,em,prp,0
507,seguida,prop,0
507,",",",",0
507,quando,adv,0
507,o,art,0
507,cara,n,0
507,deu,v-fin,0
507,as,art,0
507,costas,n,0
507,",",",",0
507,Janaína,prop,0
507,já,adv,0
507,estava,v-fin,0
507,se,pron-pers,0
507,danando,v-ger,0
507,com,prp,0
507,outro,pron-det,0
507,.,.,0
508,Ao,v-fin,0
508,saber,v-inf,0
508,disso,adv,0
508,",",",",0
508,o,art,0
508,viajante,n,0
508,desistiu,v-fin,0
508,de,prp,0
508,resgatar,v-inf,0
508,a,art,0
508,sua,pron-det,0
508,amante,n,0
508,com,prp,0
508,a,art,0
508,prole.Versões,n,0
508,e,conj-c,0
508,conﬂ,v-fin,0
508,itos,n,0
508,à,adv,0
508,parte,n,0
508,",",",",0
508,o,art,0
508,certo,pron-det,0
508,é,v-fin,0
508,que,conj-s,0
508,o,art,0
508,Dandão,prop,0
508,era,v-fin,0
508,casado,v-pcp,0
508,",",",",0
508,com,prp,0
508,família,n,0
508,constituída,v-pcp,0
508,em,prp,0
508,Campina,n,0
508,Grande,prop,0
508,",",",",0
508,e,conj-c,0
508,não,adv,0
508,tinha,v-fin,0
508,como,adv,0
508,cumprir,v-inf,0
508,o,art,0
508,prometido,n,0
508,.,.,0
509,O,art,0
509,resultado,n,0
509,prático,adj,0
509,disso,pp,0
509,é,v-fin,0
509,que,conj-s,0
509,",",",",0
509,se,conj-s,0
509,não,adv,0
509,fosse,v-fin,0
509,dona,n,0
509,Cassiana,adj,0
509,e,conj-c,0
509,seu,pron-det,0
509,Isidro,n,0
509,",",",",0
509,eu,pron-pers,0
509,e,conj-c,0
509,minha,pron-det,0
509,irmã,n,0
509,teríamos,v-fin,0
509,ﬁ,adj,0
509,cado,v-pcp,0
509,sem,prp,0
509,o,art,0
509,necessário,adj,0
509,conforto,adj,0
509,da,adj,0
509,convivência,n,0
509,de,prp,0
509,uma,art,0
509,família,n,0
509,nuclear.Se,adj,0
509,dona,v-fin,0
509,Janaína,n,0
509,não,adv,0
509,consegue,v-fin,0
509,ser,v-inf,0
509,um,art,0
509,ser,v-inf,0
509,humano,adj,0
509,superior,adj,0
509,",",",",0
509,e,conj-c,0
509,não,adv,0
509,tem,v-fin,0
509,que,conj-s,0
509,ser,v-inf,0
509,",",",",0
509,optou,v-fin,0
509,por,prp,0
509,tentar,v-inf,0
509,ser,v-inf,0
509,mãe,adj,0
509,e,conj-c,0
509,pai,n,0
509,",",",",0
509,como,adv,0
509,acredita,v-fin,0
509,.,.,0
510,Apesar,adv,0
510,das,v-pcp,0
510,críticas,n,0
510,que,conj-s,0
510,esse,pron-det,0
510,assunto,n,0
510,",",",",0
510,ainda,adv,0
510,hoje,adv,0
510,",",",",0
510,causa,v-fin,0
510,à,prop,0
510,minha,pron-det,0
510,opinião,n,0
510,",",",",0
510,eu,pron-pers,0
510,não,adv,0
510,poderia,v-fin,0
510,",",",",0
510,na,adv,0
510,tentativa,n,0
510,de,prp,0
510,interpretar,v-inf,0
510,nossa,pron-det,0
510,história,n,0
510,",",",",0
510,deixar,v-inf,0
510,de,prp,0
510,mencioná-la,n,0
510,como,adv,0
510,uma,art,0
510,mulher,n,0
510,que,pron-indp,0
510,",",",",0
510,em,prp,0
510,meu,pron-det,0
510,juízo,n,0
510,",",",",0
510,conseguiu,v-fin,0
510,algo,pron-indp,0
510,muito,adv,0
510,difícil,adj,0
510,na,n,0
510,vida,n,0
510,:,adj,0
510,criar,v-inf,0
510,os,art,0
510,ﬁ,n,0
510,lhos,adj,0
510,longe,adv,0
510,da,adj,0
510,marginalidade,n,0
510,e,conj-c,0
510,",",",",0
510,ainda,adv,0
510,",",",",0
510,de,prp,0
510,quebra,prop,0
510,",",",",0
510,contribuir,v-inf,0
510,com,prp,0
510,a,art,0
510,sustentação,n,0
510,material,adj,0
510,de,prp,0
510,toda,pron-det,0
510,sua,pron-det,0
510,família.Mais,n,0
510,que,conj-s,0
510,isso,pron-indp,0
510,",",",",0
510,como,adv,0
510,ela,pron-pers,0
510,mesma,pron-det,0
510,diz,v-fin,0
510,",",",",0
510,é,v-fin,0
510,uma,art,0
510,felizarda,n,0
510,.,.,0
511,Criou,v-fin,0
511,os,art,0
511,ﬁ,n,0
511,lhos,adj,0
511,sozinha,adj,0
511,",",",",0
511,sem,prp,0
511,pai,n,0
511,",",",",0
511,e,conj-c,0
511,eles,pron-pers,0
511,estão,v-fin,0
511,aí,adv,0
511,",",",",0
511,todos,pron-det,0
511,formados,v-pcp,0
511,.,.,0
512,O,art,0
512,problema,n,0
512,dessa,v-fin,0
512,aﬁ,adj,0
512,rmação,n,0
512,tem,v-fin,0
512,residência,n,0
512,no,adj,0
512,meu,pron-det,0
512,peito,n,0
512,com,prp,0
512,grande,adj,0
512,contradição,n,0
512,.,.,0
513,Em,v-fin,0
513,primeiro,adj,0
513,lugar,n,0
513,",",",",0
513,Janaína,prop,0
513,não,adv,0
513,criou,v-fin,0
513,seus,pron-det,0
513,ﬁ,n,0
513,lhos,adj,0
513,sozinha,v-fin,0
513,",",",",0
513,ou,conj-c,0
513,seja,v-fin,0
513,",",",",0
513,sem,prp,0
513,seu,pron-det,0
513,Isidro,n,0
513,",",",",0
513,Dona,n,0
513,Cassiana,adj,0
513,e,conj-c,0
513,Tia,adj,0
513,Pilá,prop,0
513,",",",",0
513,entre,prp,0
513,outros,pron-det,0
513,",",",",0
513,nunca,adv,0
513,teria,v-fin,0
513,conseguido,v-pcp,0
513,tal,pron-det,0
513,feito,v-pcp,0
513,.,.,0
514,Na,n,0
514,tentativa,n,0
514,de,prp,0
514,criar,v-inf,0
514,os,art,0
514,três,num,0
514,ﬁ,n,0
514,lhos,adj,0
514,como,adv,0
514,mãe,n,0
514,e,conj-c,0
514,pai,n,0
514,–,v-fin,0
514,o,art,0
514,caçula,n,0
514,",",",",0
514,Binha,prop,0
514,",",",",0
514,nasceu,v-fin,0
514,nove,num,0
514,anos,n,0
514,depois,adv,0
514,de,prp,0
514,Bidoca,n,0
514,–,adj,0
514,ela,pron-pers,0
514,nunca,adv,0
514,conseguiu,v-fin,0
514,ser,v-inf,0
514,uma,art,0
514,mãe,n,0
514,padrão,v-fin,0
514,.,.,0
515,A,art,0
515,opção,n,0
515,de,prp,0
515,Janaína,n,0
515,sempre,adv,0
515,foi,v-fin,0
515,muito,adv,0
515,clara,adj,0
515,e,conj-c,0
515,aqui,adv,0
515,não,adv,0
515,a,pron-pers,0
515,recrimino,n,0
515,.,.,0
516,Essa,prop,0
516,mulher,n,0
516,tinha,v-fin,0
516,dois,num,0
516,empregos,n,0
516,",",",",0
516,se,pron-pers,0
516,virava,v-fin,0
516,como,adv,0
516,podia,n,0
516,e,conj-c,0
516,ajudava,v-fin,0
516,todo,pron-det,0
516,mundo,n,0
516,.,.,0
517,Se,conj-s,0
517,o,art,0
517,seu,pron-det,0
517,incomensurável,adj,0
517,amor,n,0
517,não,adv,0
517,a,art,0
517,deixaria,n,0
517,",",",",0
517,em,prp,0
517,nenhuma,pron-det,0
517,hipótese,n,0
517,",",",",0
517,abandonar,v-inf,0
517,os,art,0
517,ﬁ,n,0
517,lhos,adj,0
517,",",",",0
517,como,adv,0
517,ﬁ,prop,0
517,zeram,v-fin,0
517,os,art,0
517,pais,n,0
517,deles,prop,0
517,",",",",0
517,ela,pron-pers,0
517,nunca,adv,0
517,teve,v-fin,0
517,trato,n,0
517,com,prp,0
517,crianças,n,0
517,.,.,0
518,Na,adj,0
518,realidade,n,0
518,",",",",0
518,não,adv,0
518,estava,v-fin,0
518,muito,adv,0
518,preocupada,v-pcp,0
518,com,prp,0
518,isso,pron-indp,0
518,",",",",0
518,não,adv,0
518,por,prp,0
518,negligência,n,0
518,e,conj-c,0
518,sim,adv,0
518,porque,conj-s,0
518,as,art,0
518,condições,n,0
518,objetivas,adj,0
518,colocadas,v-pcp,0
518,à,adv,0
518,sua,pron-det,0
518,frente,n,0
518,forçaram-na,v-fin,0
518,a,pron-pers,0
518,preocupar,v-inf,0
518,-se,v-inf,0
518,com,prp,0
518,os,art,0
518,aportes,n,0
518,materiais,adj,0
518,da,adj,0
518,galerinha,prop,0
518,",",",",0
518,enquanto,adv,0
518,a,art,0
518,função,n,0
518,da,adj,0
518,maternidade,n,0
518,ﬁ,adj,0
518,cava,v-fin,0
518,a,prp,0
518,cabo,n,0
518,de,prp,0
518,sua,pron-det,0
518,mãe,n,0
518,e,conj-c,0
518,de,prp,0
518,sua,pron-det,0
518,irmã.Minha,n,0
518,adorável,adj,0
518,mãe,n,0
518,escolheu,prop,0
518,",",",",0
518,muito,adv,0
518,cedo,adv,0
518,",",",",0
518,viver,v-inf,0
518,sua,pron-det,0
518,vida,n,0
518,própria,adj,0
518,",",",",0
518,o,pron-det,0
518,que,pron-indp,0
518,",",",",0
518,de,prp,0
518,certa,pron-det,0
518,forma,n,0
518,",",",",0
518,foi,v-fin,0
518,uma,art,0
518,grande,adj,0
518,lição,n,0
518,para,prp,0
518,mim,pron-pers,0
518,que,conj-s,0
518,hoje,adv,0
518,me,pron-pers,0
518,vejo,v-fin,0
518,agindo,v-ger,0
518,do,adv,0
518,mesmo,adv,0
518,jeito,n,0
518,.,.,0
519,A,art,0
519,história,n,0
519,de,prp,0
519,vida,n,0
519,dessa,adj,0
519,mulher,n,0
519,não,adv,0
519,deixa,v-fin,0
519,nenhuma,pron-det,0
519,dúvida,n,0
519,sobre,prp,0
519,o,art,0
519,porquê,n,0
519,de,prp,0
519,suas,pron-det,0
519,escolhas,n,0
519,e,conj-c,0
519,",",",",0
519,por,prp,0
519,isso,pron-indp,0
519,mesmo,pron-det,0
519,",",",",0
519,diante,adv,0
519,de,prp,0
519,tantas,pron-det,0
519,diﬁ,v-fin,0
519,culdades,n,0
519,materiais,adj,0
519,e,conj-c,0
519,emocionais,adj,0
519,",",",",0
519,de,prp,0
519,ter,v-inf,0
519,aprendido,v-pcp,0
519,a,prp,0
519,ser,v-inf,0
519,e,conj-c,0
519,permanecer,v-inf,0
519,sensual,adj,0
519,",",",",0
519,feminina,prop,0
519,",",",",0
519,feliz,prop,0
519,",",",",0
519,livre,adj,0
519,",",",",0
519,desejada,v-pcp,0
519,e,conj-c,0
519,",",",",0
519,ainda,adv,0
519,por,prp,0
519,cima,prop,0
519,",",",",0
519,trabalhadeira,prop,0
519,",",",",0
519,o,pron-det,0
519,que,pron-indp,0
519,contribui,v-fin,0
519,e,conj-c,0
519,muito,adv,0
519,bem,adv,0
519,para,prp,0
519,a,art,0
519,criação,n,0
519,de,prp,0
519,um,art,0
519,monte,n,0
519,de,prp,0
519,marmanjos.Tia,n,0
519,Pilá,adj,0
519,é,v-fin,0
519,onze,num,0
519,meses,n,0
519,mais,adv,0
519,jovem,adj,0
519,que,conj-s,0
519,minha,pron-det,0
519,mãe,n,0
519,.,.,0
520,Nascida,v-pcp,0
520,em,prp,0
520,dezembro,n,0
520,do,adj,0
520,mesmo,adv,0
520,ano,n,0
520,da,pp,0
520,irmã,adj,0
520,",",",",0
520,é,v-fin,0
520,mulher,n,0
520,adepta,adj,0
520,da,adj,0
520,tolerância,n,0
520,zero,num,0
520,",",",",0
520,não,adv,0
520,perdoa,v-fin,0
520,quaisquer,pron-det,0
520,deslizes,n,0
520,dos,v-pcp,0
520,integrantes,adj,0
520,do,v-fin,0
520,clã,n,0
520,.,.,0
521,Em,prop,0
521,outras,pron-det,0
521,palavras,n,0
521,",",",",0
521,quando,adv,0
521,éramos,v-fin,0
521,pirralhos,n,0
521,",",",",0
521,surrava,v-fin,0
521,quem,pron-indp,0
521,ousasse,v-fin,0
521,sair,v-inf,0
521,dos,v-pcp,0
521,padrões,n,0
521,estipulados,v-pcp,0
521,por,prp,0
521,sua,pron-det,0
521,criação,n,0
521,.,.,0
522,Acreditava,v-fin,0
522,ser,v-inf,0
522,essa,pron-det,0
522,a,art,0
522,melhor,adj,0
522,forma,n,0
522,de,prp,0
522,assegurar,v-inf,0
522,que,conj-s,0
522,ﬁ,adv,0
522,cássemos,v-fin,0
522,longe,adv,0
522,dos,v-pcp,0
522,possíveis,adj,0
522,desvios,n,0
522,de,prp,0
522,conduta,n,0
522,.,.,0
523,A,art,0
523,molecada,n,0
523,se,pron-pers,0
523,pelava,v-fin,0
523,de,prp,0
523,medo,n,0
523,dela,adj,0
523,e,conj-c,0
523,de,prp,0
523,suas,pron-det,0
523,sovas,n,0
523,",",",",0
523,o,pron-det,0
523,que,pron-indp,0
523,determinava,v-fin,0
523,certa,pron-det,0
523,condução,n,0
523,moral,adj,0
523,aos,v-fin,0
523,padrões,n,0
523,da,adj,0
523,severa,v-fin,0
523,senhora,n,0
523,.,.,0
524,Claro,adv,0
524,que,conj-s,0
524,diante,adv,0
524,de,prp,0
524,certas,n,0
524,exigências,adj,0
524,alguns,pron-det,0
524,de,prp,0
524,nós,pron-pers,0
524,",",",",0
524,com,prp,0
524,temperamento,n,0
524,especíﬁ,adj,0
524,co,prop,0
524,",",",",0
524,sofria,v-fin,0
524,mais,adv,0
524,que,conj-s,0
524,outros,pron-det,0
524,.,.,0
525,O,art,0
525,Gago,prop,0
525,",",",",0
525,por,prp,0
525,exemplo,n,0
525,",",",",0
525,era,v-fin,0
525,um,art,0
525,dos,n,0
525,mais,adv,0
525,surrados,v-pcp,0
525,.,.,0
526,Como,adv,0
526,levava,v-fin,0
526,uma,art,0
526,sova,n,0
526,e,conj-c,0
526,recebia,v-fin,0
526,a,prp,0
526,ordem,n,0
526,para,prp,0
526,não,adv,0
526,chorar,v-inf,0
526,",",",",0
526,ameaçado,v-pcp,0
526,de,prp,0
526,apanhar,v-inf,0
526,mais,adv,0
526,se,conj-s,0
526,proferisse,v-fin,0
526,algum,pron-det,0
526,tipo,n,0
526,de,prp,0
526,resmungo,prop,0
526,",",",",0
526,diante,adv,0
526,da,v-fin,0
526,forte,n,0
526,dor,adj,0
526,e,conj-c,0
526,dado,v-pcp,0
526,seu,pron-det,0
526,temperamento,n,0
526,chorão,v-fin,0
526,",",",",0
526,no,adv,0
526,sacrifício,prop,0
526,",",",",0
526,ﬁ,prop,0
526,cava,v-fin,0
526,se,pron-pers,0
526,balançando,v-ger,0
526,e,conj-c,0
526,gemendo,v-ger,0
526,.,.,0
527,Sobre,v-fin,0
527,isso,pron-indp,0
527,",",",",0
527,certa,pron-det,0
527,vez,n,0
527,",",",",0
527,disse,v-fin,0
527,uma,art,0
527,médica,n,0
527,",",",",0
527,que,pron-indp,0
527,ele,pron-pers,0
527,gaguejava,v-fin,0
527,porque,conj-s,0
527,a,art,0
527,mãe,n,0
527,o,art,0
527,proibira,n,0
527,de,prp,0
527,soltar,v-inf,0
527,pipa,n,0
527,.,.,0
528,Nossa,n,0
528,teoria,adj,0
528,é,v-fin,0
528,que,conj-s,0
528,o,art,0
528,cara,n,0
528,ﬁ,prop,0
528,cou,v-fin,0
528,gago,v-pcp,0
528,por,prp,0
528,causa,n,0
528,das,v-pcp,0
528,pisas,adj,0
528,que,pron-indp,0
528,levava,v-fin,0
528,da,pp,0
528,mãe,n,0
528,",",",",0
528,sem,prp,0
528,poder,n,0
528,extravasar,v-inf,0
528,a,art,0
528,dor,n,0
528,.,.,0
529,Se,conj-s,0
529,a,art,0
529,médica,prop,0
529,visse,v-fin,0
529,as,art,0
529,seções,n,0
529,de,prp,0
529,chibatadas,v-pcp,0
529,promovidas,v-pcp,0
529,por,prp,0
529,Tia,n,0
529,Pilá,adj,0
529,com,prp,0
529,o,art,0
529,intuito,n,0
529,de,prp,0
529,deixar,v-inf,0
529,a,art,0
529,pivetada,n,0
529,nos,pron-pers,0
529,trilhos,n,0
529,",",",",0
529,mudaria,v-fin,0
529,sua,pron-det,0
529,tese,n,0
529,sobre,prp,0
529,a,art,0
529,gagueira,prop,0
529,no,adj,0
529,menino.O,adj,0
529,cão,n,0
529,de,prp,0
529,guarda,n,0
529,de,prp,0
529,Tia,n,0
529,Pilá,prop,0
529,era,v-fin,0
529,Bidoca,adj,0
529,",",",",0
529,espécie,n,0
529,de,prp,0
529,monitora,n,0
529,que,pron-indp,0
529,apontava,v-fin,0
529,os,art,0
529,merecedores,n,0
529,de,prp,0
529,correção,n,0
529,moral,adj,0
529,.,.,0
530,As,prop,0
530,duas,num,0
530,eram,v-fin,0
530,cúmplices,n,0
530,e,conj-c,0
530,",",",",0
530,na,adv,0
530,opinião,n,0
530,delas,adj,0
530,",",",",0
530,o,art,0
530,maior,adj,0
530,merecedor,n,0
530,das,v-pcp,0
530,pisas,adj,0
530,com,prp,0
530,cinturão,prop,0
530,era,v-fin,0
530,justamente,adv,0
530,eu,pron-pers,0
530,.,.,0
531,Mas,prop,0
531,",",",",0
531,como,adv,0
531,na,n,0
531,época,n,0
531,das,v-pcp,0
531,grandes,adj,0
531,surras,n,0
531,eu,pron-pers,0
531,já,adv,0
531,era,v-fin,0
531,bem,adv,0
531,crescido,v-pcp,0
531,(,prop,0
531,minha,pron-det,0
531,diferença,n,0
531,de,prp,0
531,idade,n,0
531,para,prp,0
531,o,art,0
531,Nininho,prop,0
531,",",",",0
531,o,art,0
531,mais,adv,0
531,velho,adj,0
531,depois,adv,0
531,de,prp,0
531,mim,pron-pers,0
531,",",",",0
531,é,v-fin,0
531,de,prp,0
531,seis,num,0
531,anos,n,0
531,),adj,0
531,para,prp,0
531,as,art,0
531,duas,num,0
531,conseguirem,v-inf,0
531,me,pron-pers,0
531,pegar,v-inf,0
531,não,adv,0
531,era,v-fin,0
531,fácil,adj,0
531,.,.,0
532,Eu,n,0
532,corria,v-fin,0
532,e,conj-c,0
532,gritava,v-fin,0
532,chamando,v-ger,0
532,a,art,0
532,atenção,n,0
532,da,adj,0
532,vizinhança,v-fin,0
532,que,conj-s,0
532,vinha,v-fin,0
532,em,prp,0
532,meu,pron-det,0
532,socorro,n,0
532,",",",",0
532,tática,v-fin,0
532,que,conj-s,0
532,nem,conj-c,0
532,sempre,adv,0
532,funcionava,v-fin,0
532,.,.,0
533,Mas,prop,0
533,",",",",0
533,quando,adv,0
533,as,art,0
533,outras,pron-det,0
533,duas,num,0
533,tias,n,0
533,estavam,v-fin,0
533,em,prp,0
533,casa,n,0
533,",",",",0
533,o,art,0
533,meu,pron-det,0
533,coro,n,0
533,saía,v-fin,0
533,realmente,adv,0
533,dolorido,v-pcp,0
533,.,.,0
534,Não,v-fin,0
534,posso,v-fin,0
534,dizer,v-inf,0
534,",",",",0
534,tomando,v-ger,0
534,como,adv,0
534,referência,n,0
534,o,art,0
534,critério,n,0
534,da,adj,0
534,família,n,0
534,",",",",0
534,que,pron-indp,0
534,eu,pron-pers,0
534,não,adv,0
534,merecia,v-fin,0
534,as,art,0
534,sovas.Além,n,0
534,de,prp,0
534,cuidar,n,0
534,de,prp,0
534,toda,pron-det,0
534,a,art,0
534,turma,n,0
534,",",",",0
534,Tia,v-fin,0
534,Pilá,prop,0
534,era,v-fin,0
534,guardiã,adj,0
534,da,v-inf,0
534,saúde,n,0
534,de,prp,0
534,vovó,prop,0
534,",",",",0
534,sempre,adv,0
534,com,prp,0
534,crises,n,0
534,respiratórias,adj,0
534,.,.,0
535,Essa,v-fin,0
535,tia,n,0
535,segue,v-fin,0
535,muito,adv,0
535,de,prp,0
535,perto,v-inf,0
535,as,art,0
535,orientações,n,0
535,religiosas,adj,0
535,ensinadas,v-pcp,0
535,por,prp,0
535,seu,pron-det,0
535,pai,n,0
535,e,conj-c,0
535,opta,v-fin,0
535,por,prp,0
535,criar,v-inf,0
535,seus,pron-det,0
535,ﬁ,n,0
535,lhos,adj,0
535,tendo,v-ger,0
535,como,adv,0
535,componente,n,0
535,moral,adj,0
535,os,art,0
535,ensinamentos,n,0
535,da,v-fin,0
535,Igreja,n,0
535,Católica,adj,0
535,.,.,0
536,Desde,prop,0
536,muito,adv,0
536,cedo,adv,0
536,seus,pron-det,0
536,moleques,n,0
536,engajaram-se,v-fin,0
536,nas,pron-pers,0
536,Pastorais,adj,0
536,da,v-fin,0
536,Juventude,n,0
536,.,.,0
537,A,art,0
537,forte,adj,0
537,formação,n,0
537,política,adj,0
537,que,pron-indp,0
537,o,art,0
537,Nininho,prop,0
537,",",",",0
537,o,art,0
537,Gago,prop,0
537,",",",",0
537,o,art,0
537,Terra,n,0
537,Quente,adj,0
537,e,conj-c,0
537,a,art,0
537,Candolina,n,0
537,carregam,v-fin,0
537,consigo,n,0
537,até,prp,0
537,hoje,adv,0
537,",",",",0
537,deveu-se,v-fin,0
537,",",",",0
537,segundo,prp,0
537,eles,pron-pers,0
537,próprios,pron-det,0
537,",",",",0
537,a,prp,0
537,seus,pron-det,0
537,trabalhos,n,0
537,nas,adj,0
537,Comunidades,n,0
537,Eclesiais,adj,0
537,de,prp,0
537,Base,prop,0
537,",",",",0
537,conhecidas,v-pcp,0
537,como,adv,0
537,CEBs.Não,prop,0
537,posso,v-fin,0
537,negar,v-inf,0
537,que,conj-s,0
537,meu,pron-det,0
537,envolvimento,n,0
537,com,prp,0
537,os,art,0
537,movimentos,n,0
537,sociais,adj,0
537,que,pron-indp,0
537,aconteciam,v-fin,0
537,no,v-inf,0
537,Noia,conj-c,0
537,me,pron-pers,0
537,deu,v-fin,0
537,os,art,0
537,primeiros,adj,0
537,contatos,n,0
537,com,prp,0
537,a,art,0
537,política,n,0
537,social,adj,0
537,que,pron-indp,0
537,se,pron-pers,0
537,dava,v-fin,0
537,de,prp,0
537,forma,n,0
537,eminentemente,adj,0
537,prática,adj,0
537,e,conj-c,0
537,espontânea,adj,0
537,e,conj-c,0
537,que,pron-indp,0
537,indica,v-fin,0
537,a,art,0
537,complexidade,n,0
537,de,prp,0
537,tal,pron-det,0
537,formação,n,0
537,.,.,0
538,O,art,0
538,componente,n,0
538,novo,adj,0
538,",",",",0
538,que,pron-indp,0
538,",",",",0
538,a,prp,0
538,partir,v-inf,0
538,de,prp,0
538,Tia,n,0
538,Pilá,adj,0
538,",",",",0
538,vem,v-fin,0
538,se,pron-pers,0
538,somar,v-inf,0
538,à,adv,0
538,religiosidade,n,0
538,da,adj,0
538,família,n,0
538,é,v-fin,0
538,exatamente,adv,0
538,esse,pron-det,0
538,envolvimento,n,0
538,político,adj,0
538,.,.,0
539,Foi,adv,0
539,desse,v-fin,0
539,engajamento,n,0
539,na,adj,0
539,igreja,v-fin,0
539,que,conj-s,0
539,partiu,v-fin,0
539,a,art,0
539,iniciativa,n,0
539,da,adj,0
539,doação,n,0
539,do,adj,0
539,terreno,n,0
539,para,prp,0
539,a,art,0
539,Associação,n,0
539,de,prp,0
539,moradores,n,0
539,do,adj,0
539,Noia,prop,0
539,",",",",0
539,apelo,n,0
539,ao,prp,0
539,qual,pron-det,0
539,Tio,n,0
539,Jotão,adv,0
539,não,adv,0
539,resistiu,v-fin,0
539,diante,adv,0
539,da,adj,0
539,necessidade,n,0
539,do,adj,0
539,bairro,n,0
539,em,prp,0
539,contar,v-inf,0
539,com,prp,0
539,uma,art,0
539,entidade,n,0
539,comunitária,adj,0
539,.,.,0
540,Ele,prop,0
540,resistiu,v-fin,0
540,até,prp,0
540,onde,adv,0
540,pôde,v-fin,0
540,",",",",0
540,mas,conj-c,0
540,acabou,v-fin,0
540,cedendo,v-ger,0
540,diante,adv,0
540,dos,v-pcp,0
540,apelos,n,0
540,de,prp,0
540,sua,pron-det,0
540,engajada,n,0
540,mulher,n,0
540,.,.,0
541,Atualmente,adv,0
541,",",",",0
541,Tia,v-fin,0
541,Pilá,prop,0
541,é,v-fin,0
541,Ministra,n,0
541,da,adj,0
541,Eucaristia,n,0
541,e,conj-c,0
541,",",",",0
541,quando,adv,0
541,jovem,adj,0
541,",",",",0
541,ainda,adv,0
541,em,prp,0
541,Campina,n,0
541,Grande,prop,0
541,",",",",0
541,sonhou,v-fin,0
541,em,prp,0
541,ser,v-inf,0
541,freira,adj,0
541,",",",",0
541,mas,conj-c,0
541,contra,prp,0
541,isso,pron-indp,0
541,pesava,v-fin,0
541,o,art,0
541,seu,pron-det,0
541,desejo,n,0
541,carnal,adj,0
541,.,.,0
542,A,art,0
542,moça,n,0
542,era,v-fin,0
542,muito,adv,0
542,namoradeira,adj,0
542,",",",",0
542,e,conj-c,0
542,dizem,v-fin,0
542,os,art,0
542,mais,adv,0
542,amolecados,v-pcp,0
542,que,conj-s,0
542,tal,pron-det,0
542,sina,n,0
542,é,v-fin,0
542,marca,n,0
542,de,prp,0
542,família,n,0
542,que,pron-indp,0
542,a,art,0
542,bela,prop,0
542,jovem,adj,0
542,carrega,n,0
542,e,conj-c,0
542,que,pron-indp,0
542,na,v-fin,0
542,juventude,n,0
542,chamava,v-fin,0
542,a,art,0
542,atenção,n,0
542,até,prp,0
542,dos,n,0
542,padres,adj,0
542,.,.,0
543,Possuidora,n,0
543,de,prp,0
543,um,art,0
543,sorriso,n,0
543,franco,adj,0
543,e,conj-c,0
543,branco,adj,0
543,como,adv,0
543,lã,n,0
543,de,prp,0
543,carneiro,n,0
543,",",",",0
543,e,conj-c,0
543,com,prp,0
543,olhos,n,0
543,negros,adj,0
543,e,conj-c,0
543,vivos,adj,0
543,",",",",0
543,feito,v-pcp,0
543,jabuticaba,prop,0
543,madura,n,0
543,",",",",0
543,a,art,0
543,paraibana,adj,0
543,endoidecia,v-fin,0
543,os,art,0
543,jovens,adj,0
543,paroquianos.A,adj,0
543,cumplicidade,n,0
543,entre,prp,0
543,Janaína,n,0
543,e,conj-c,0
543,Pilá,n,0
543,é,v-fin,0
543,algo,pron-indp,0
543,de,prp,0
543,impressionar,v-inf,0
543,qualquer,pron-det,0
543,perito,n,0
543,em,prp,0
543,arte,n,0
543,impressionista,adj,0
543,.,.,0
544,As,prop,0
544,duas,num,0
544,mulheres,n,0
544,",",",",0
544,realmente,adv,0
544,",",",",0
544,inventaram,v-fin,0
544,uma,art,0
544,conivência,n,0
544,ímpar,adj,0
544,.,.,0
545,O,art,0
545,diálogo,n,0
545,criado,v-pcp,0
545,por,prp,0
545,ambas,n,0
545,representa,v-fin,0
545,muito,adv,0
545,bem,adv,0
545,o,pron-pers,0
545,que,pron-indp,0
545,percebem,v-fin,0
545,e,conj-c,0
545,querem,v-fin,0
545,expressar,v-inf,0
545,.,.,0
546,Não,prop,0
546,sei,v-fin,0
546,se,conj-s,0
546,porque,conj-s,0
546,as,art,0
546,duas,num,0
546,nasceram,v-fin,0
546,no,n,0
546,mesmo,adv,0
546,ano,n,0
546,",",",",0
546,mas,conj-c,0
546,basta,v-fin,0
546,o,art,0
546,olhar,n,0
546,de,prp,0
546,uma,num,0
546,para,prp,0
546,a,art,0
546,outra,pron-det,0
546,entender,v-inf,0
546,",",",",0
546,como,adv,0
546,se,pron-pers,0
546,elas,pron-pers,0
546,compusessem,v-fin,0
546,o,art,0
546,mesmo,pron-det,0
546,organismo,n,0
546,.,.,0
547,Chamam-se,v-fin,0
547,uma,num,0
547,a,prp,0
547,outra,pron-det,0
547,de,prp,0
547,Ilela,prop,0
547,.,.,0
548,Mamãe,n,0
548,conta,v-fin,0
548,que,conj-s,0
548,",",",",0
548,quando,adv,0
548,começou,v-fin,0
548,a,prp,0
548,falar,v-inf,0
548,",",",",0
548,não,adv,0
548,dizia,v-fin,0
548,o,art,0
548,nome,n,0
548,correto,adj,0
548,da,v-fin,0
548,irmã,n,0
548,menor,adj,0
548,",",",",0
548,pronunciava,v-fin,0
548,algo,pron-indp,0
548,parecido,v-pcp,0
548,com,prp,0
548,Ilela,n,0
548,.,.,0
549,Quando,v-ger,0
549,esta,pron-det,0
549,irmã,n,0
549,começou,v-fin,0
549,a,prp,0
549,falar,v-inf,0
549,",",",",0
549,passou,v-fin,0
549,a,prp,0
549,chamá-la,prop,0
549,também,adv,0
549,de,prp,0
549,Ilela,n,0
549,.,.,0
550,Ilela,prop,0
550,até,prp,0
550,hoje,adv,0
550,.,.,0
551,O,art,0
551,padre,n,0
551,Lúcio,prop,0
551,Flávio,prop,0
551,",",",",0
551,amigo,n,0
551,da,v-fin,0
551,família,n,0
551,",",",",0
551,meio,adj,0
551,irmão,n,0
551,",",",",0
551,meio,adj,0
551,ﬁ,adj,0
551,lho,n,0
551,",",",",0
551,as,art,0
551,conhece,v-fin,0
551,muito,adv,0
551,bem,adv,0
551,",",",",0
551,é,v-fin,0
551,o,art,0
551,conﬁ,n,0
551,dente,adj,0
551,e,conj-c,0
551,",",",",0
551,ao,prp,0
551,mesmo,pron-det,0
551,tempo,n,0
551,",",",",0
551,se,pron-pers,0
551,confessa,v-fin,0
551,para,prp,0
551,elas,pron-pers,0
551,.,.,0
552,Certa,pron-det,0
552,vez,n,0
552,",",",",0
552,durante,prp,0
552,a,art,0
552,celebração,n,0
552,de,prp,0
552,uma,art,0
552,missa,n,0
552,em,prp,0
552,homenagem,n,0
552,ao,prp,0
552,sexagésimo,adj,0
552,aniversário,n,0
552,de,prp,0
552,Tia,n,0
552,Pila,prop,0
552,",",",",0
552,ele,pron-pers,0
552,disse,v-fin,0
552,:,prop,0
552,“,prop,0
552,Em,v-fin,0
552,1945,num,0
552,houve,v-fin,0
552,dois,num,0
552,acontecimentos,n,0
552,marcantes,adj,0
552,no,v-fin,0
552,mundo,n,0
552,:,conj-c,0
552,o,art,0
552,primeiro,adj,0
552,foi,v-fin,0
552,nefasto,v-pcp,0
552,",",",",0
552,reﬁ,v-fin,0
552,ro-me,n,0
552,às,pron-pers,0
552,duas,num,0
552,bombas,n,0
552,jogadas,v-pcp,0
552,no,adv,0
552,Japão,adj,0
552,;,;,0
552,o,art,0
552,segundo,adj,0
552,foi,v-fin,0
552,maravilhoso,adj,0
552,",",",",0
552,o,art,0
552,nascimento,n,0
552,de,prp,0
552,Pilá,prop,0
552,e,conj-c,0
552,de,prp,0
552,sua,pron-det,0
552,irmã,n,0
552,Janaína,adj,0
552,.,.,0
553,Por,v-fin,0
553,isso,pron-indp,0
553,",",",",0
553,eu,pron-pers,0
553,agradeço,v-fin,0
553,",",",",0
553,seus,pron-det,0
553,ﬁ,n,0
553,lhos,adj,0
553,agradecem,v-fin,0
553,",",",",0
553,o,art,0
553,mundo,n,0
553,agradece,v-fin,0
553,”,prop,0
553,.,.,0
554,O,art,0
554,código,n,0
554,de,prp,0
554,comunicação,n,0
554,que,pron-indp,0
554,elas,pron-pers,0
554,procuram,v-fin,0
554,manter,v-inf,0
554,para,prp,0
554,além,prop,0
554,da,adj,0
554,distância,n,0
554,e,conj-c,0
554,do,pron-det,0
554,tempo,n,0
554,",",",",0
554,na,adv,0
554,análise,n,0
554,desse,v-fin,0
554,amigo,n,0
554,",",",",0
554,e,conj-c,0
554,da,v-fin,0
554,qual,pron-det,0
554,compartilho,n,0
554,",",",",0
554,é,v-fin,0
554,um,art,0
554,patrimônio,n,0
554,da,adj,0
554,família,n,0
554,e,conj-c,0
554,precisa,v-fin,0
554,ser,v-inf,0
554,preservado,v-pcp,0
554,pelas,adj,0
554,gerações,n,0
554,posteriores,adj,0
554,.,.,0
555,Esse,v-fin,0
555,código,n,0
555,ediﬁ,prop,0
555,cou,v-fin,0
555,uma,art,0
555,linguagem,n,0
555,tão,adv,0
555,particular,adj,0
555,que,conj-s,0
555,gostaria,v-fin,0
555,de,prp,0
555,dizer,v-inf,0
555,que,conj-s,0
555,tenho,v-fin,0
555,imensa,v-pcp,0
555,dúvida,n,0
555,se,conj-s,0
555,conseguiremos,v-fin,0
555,dar,v-inf,0
555,prosseguimento,n,0
555,.,.,0
556,Com,v-fin,0
556,exceção,n,0
556,do,adj,0
556,Gago,adj,0
556,e,conj-c,0
556,de,prp,0
556,mim,pron-pers,0
556,",",",",0
556,não,adv,0
556,assistimos,v-fin,0
556,aos,adv,0
556,demais,adv,0
556,se,pron-pers,0
556,preocuparem,v-fin,0
556,com,prp,0
556,essa,pron-det,0
556,tradição,n,0
556,",",",",0
556,até,adv,0
556,porque,conj-s,0
556,para,prp,0
556,alguns,pron-det,0
556,dos,v-pcp,0
556,nossos,pron-det,0
556,irmãos,n,0
556,é,v-fin,0
556,difícil,adj,0
556,compreender,v-inf,0
556,",",",",0
556,quiçá,prp,0
556,aprender,v-inf,0
556,a,prp,0
556,se,pron-pers,0
556,comunicar,v-inf,0
556,com,prp,0
556,esse,pron-det,0
556,código,n,0
556,.,.,0
557,Portanto,adv,0
557,",",",",0
557,como,adv,0
557,o,art,0
557,meu,pron-det,0
557,irmanado,n,0
557,padre,adj,0
557,",",",",0
557,temo,v-fin,0
557,que,conj-s,0
557,essa,pron-det,0
557,marca,n,0
557,se,pron-pers,0
557,perca,v-fin,0
557,na,prop,0
557,fumaça,n,0
557,de,prp,0
557,nossa,pron-det,0
557,história.É,n,0
557,preciso,adj,0
557,admitir,v-inf,0
557,uma,art,0
557,complexidade,n,0
557,considerável,adj,0
557,na,adj,0
557,forma,n,0
557,de,prp,0
557,comunicação,n,0
557,das,v-pcp,0
557,irmãs,prop,0
557,",",",",0
557,primeiramente,adv,0
557,",",",",0
557,porque,conj-s,0
557,não,adv,0
557,sabemos,v-fin,0
557,onde,adv,0
557,ela,pron-pers,0
557,se,pron-pers,0
557,originou,v-fin,0
557,.,.,0
558,Acreditamos,v-fin,0
558,que,conj-s,0
558,tenha,v-fin,0
558,sido,v-pcp,0
558,com,prp,0
558,as,art,0
558,irmãs,n,0
558,de,prp,0
558,minha,pron-det,0
558,avó,n,0
558,.,.,0
559,Mesmo,adv,0
559,assim,adv,0
559,",",",",0
559,embora,conj-s,0
559,elas,pron-pers,0
559,fossem,v-fin,0
559,cinco,num,0
559,",",",",0
559,e,conj-c,0
559,eu,pron-pers,0
559,tenha,v-fin,0
559,conhecido,v-pcp,0
559,três,num,0
559,delas,n,0
559,",",",",0
559,apenas,adv,0
559,uma,num,0
559,se,pron-pers,0
559,comunicava,v-fin,0
559,usando,v-ger,0
559,tal,pron-det,0
559,codiﬁ,adj,0
559,cação,n,0
559,.,.,0
560,O,art,0
560,certo,adj,0
560,é,v-fin,0
560,que,conj-s,0
560,hoje,adv,0
560,somente,adv,0
560,a,art,0
560,minha,pron-det,0
560,mãe,n,0
560,e,conj-c,0
560,a,art,0
560,Tia,prop,0
560,Pilá,adj,0
560,conversam,v-fin,0
560,por,prp,0
560,essa,pron-det,0
560,linguagem,n,0
560,.,.,0
561,Elas,prop,0
561,trocam,v-fin,0
561,as,art,0
561,palavras,n,0
561,por,prp,0
561,números,n,0
561,.,.,0
562,Parece,v-fin,0
562,simples,adj,0
562,",",",",0
562,aﬁ,v-fin,0
562,rmo,prop,0
562,",",",",0
562,mas,conj-c,0
562,não,adv,0
562,é,v-fin,0
562,.,.,0
563,Mesmo,adv,0
563,que,conj-s,0
563,se,pron-pers,0
563,consiga,v-fin,0
563,desvendar,v-inf,0
563,a,art,0
563,chavemestra,n,0
563,da,adj,0
563,comunicação,n,0
563,",",",",0
563,ou,conj-c,0
563,seja,v-fin,0
563,",",",",0
563,a,art,0
563,lógica,adj,0
563,da,adj,0
563,conversação,n,0
563,",",",",0
563,ainda,adv,0
563,assim,adv,0
563,",",",",0
563,é,v-fin,0
563,preciso,adj,0
563,conviver,v-inf,0
563,com,prp,0
563,os,art,0
563,costumes,n,0
563,da,adj,0
563,família,n,0
563,para,prp,0
563,entender,v-inf,0
563,como,adv,0
563,elas,pron-pers,0
563,conseguem,v-fin,0
563,trocar,v-inf,0
563,expressões,n,0
563,inteiras,adj,0
563,por,prp,0
563,apenas,adv,0
563,dois,num,0
563,ou,conj-c,0
563,três,num,0
563,números,n,0
563,em,prp,0
563,sequência,n,0
563,.,.,0
564,Para,v-fin,0
564,piorar,v-inf,0
564,o,art,0
564,entendimento,n,0
564,dos,v-pcp,0
564,ouvintes,adj,0
564,",",",",0
564,elas,pron-pers,0
564,misturam,v-fin,0
564,palavras,n,0
564,entre,prp,0
564,os,art,0
564,números,n,0
564,e,conj-c,0
564,",",",",0
564,desse,v-fin,0
564,modo,n,0
564,",",",",0
564,parece,v-fin,0
564,que,conj-s,0
564,estão,v-fin,0
564,falando,v-ger,0
564,algo,adv,0
564,comum,adj,0
564,",",",",0
564,mas,conj-c,0
564,pode,v-fin,0
564,ser,v-inf,0
564,que,conj-s,0
564,estejam,v-fin,0
564,se,pron-pers,0
564,referindo,v-ger,0
564,a,prp,0
564,uma,art,0
564,pessoa,n,0
564,que,pron-indp,0
564,está,v-fin,0
564,presente,adj,0
564,e,conj-c,0
564,não,adv,0
564,querem,v-fin,0
564,que,conj-s,0
564,ela,pron-pers,0
564,as,art,0
564,entenda.Elas,n,0
564,utilizam,v-fin,0
564,números,n,0
564,em,prp,0
564,sentido,n,0
564,de,prp,0
564,verbo,n,0
564,no,adj,0
564,gerúndio,adj,0
564,",",",",0
564,por,prp,0
564,exemplo,n,0
564,",",",",0
564,“,v-fin,0
564,quatrando,v-ger,0
564,”,prop,0
564,",",",",0
564,“,prop,0
564,treizando,v-ger,0
564,”,prop,0
564,ou,conj-c,0
564,complementam,v-fin,0
564,os,art,0
564,números,n,0
564,com,prp,0
564,próclises,n,0
564,",",",",0
564,“,prop,0
564,quatro-me,v-fin,0
564,”,prop,0
564,.,.,0
565,Em,prop,0
565,nossa,pron-det,0
565,família,n,0
565,",",",",0
565,é,v-fin,0
565,uma,art,0
565,desfeita,n,0
565,chegar,v-inf,0
565,uma,art,0
565,visita,n,0
565,",",",",0
565,sem,prp,0
565,avisar,v-inf,0
565,",",",",0
565,em,prp,0
565,horário,n,0
565,próximo,adj,0
565,às,v-fin,0
565,refeições,n,0
565,e,conj-c,0
565,não,adv,0
565,se,pron-pers,0
565,ter,v-inf,0
565,mais,adv,0
565,o,pron-det,0
565,que,pron-indp,0
565,oferecer,v-fin,0
565,.,.,0
566,Ficamos,v-fin,0
566,em,prp,0
566,situação,n,0
566,vexatória,adj,0
566,",",",",0
566,já,adv,0
566,que,pron-indp,0
566,em,prp,0
566,muitos,pron-det,0
566,lugares,n,0
566,do,v-fin,0
566,Nordeste,n,0
566,brasileiro,adj,0
566,é,v-fin,0
566,comum,adj,0
566,chegar,v-inf,0
566,alguém,pron-indp,0
566,precisado,v-pcp,0
566,de,prp,0
566,um,art,0
566,prato,n,0
566,de,prp,0
566,comida,n,0
566,e,conj-c,0
566,ser,v-inf,0
566,atendido,v-pcp,0
566,pelos,n,0
566,anﬁ,adj,0
566,triões.Vou,v-fin,0
566,lhes,pron-pers,0
566,dar,v-inf,0
566,um,art,0
566,exemplo,n,0
566,e,conj-c,0
566,apenas,adv,0
566,um,num,0
566,",",",",0
566,pois,conj-s,0
566,não,adv,0
566,sou,v-fin,0
566,autorizado,v-pcp,0
566,a,prp,0
566,revelar,v-inf,0
566,para,prp,0
566,fora,n,0
566,da,adj,0
566,família,n,0
566,algo,adv,0
566,conservado,v-pcp,0
566,com,prp,0
566,tanta,n,0
566,perspicácia,n,0
566,.,.,0
567,Aconteceu,v-fin,0
567,que,conj-s,0
567,",",",",0
567,um,num,0
567,dia,n,0
567,",",",",0
567,já,adv,0
567,ﬁ,v-fin,0
567,ndando,v-ger,0
567,o,art,0
567,almoço,n,0
567,",",",",0
567,apareceu,v-fin,0
567,uma,art,0
567,inesperada,n,0
567,visita,adj,0
567,em,prp,0
567,nossa,pron-det,0
567,casa,n,0
567,.,.,0
568,Como,adv,0
568,os,pron-det,0
568,de,prp,0
568,casa,n,0
568,já,adv,0
568,haviam,v-fin,0
568,se,pron-pers,0
568,fartado,v-pcp,0
568,",",",",0
568,não,adv,0
568,restando,v-ger,0
568,mais,adv,0
568,nenhum,pron-det,0
568,alimento,n,0
568,nas,adj,0
568,panelas,adj,0
568,para,prp,0
568,contar,v-inf,0
568,a,art,0
568,história,n,0
568,",",",",0
568,Janaína,n,0
568,olhou,v-fin,0
568,para,prp,0
568,Pilá,prop,0
568,e,conj-c,0
568,disse,v-fin,0
568,:,prop,0
568,“,adj,0
568,Ilela,n,0
568,passa,v-fin,0
568,uns,pron-det,0
568,quinze,pron-det,0
568,que,conj-s,0
568,o,art,0
568,fulano,n,0
568,está,v-fin,0
568,muito,adv,0
568,quinze,pron-det,0
568,!,!,0
569,[,[,0
569,tradução,n,0
569,:,adj,0
569,Ilela,n,0
569,frita,v-fin,0
569,uns,pron-det,0
569,ovos,n,0
569,que,conj-s,0
569,a,art,0
569,visita,n,0
569,está,v-fin,0
569,com,prp,0
569,muita,pron-det,0
569,fome,n,0
569,!,!,0
570,],],0
570,.Tio,pp,0
570,Jotão,adv,0
570,sempre,adv,0
570,foi,v-fin,0
570,um,art,0
570,homem,n,0
570,tosco,adj,0
570,",",",",0
570,dizendo,v-ger,0
570,melhor,adj,0
570,",",",",0
570,o,art,0
570,cara,n,0
570,é,v-fin,0
570,realmente,adv,0
570,brabo,adj,0
570,",",",",0
570,mais,adv,0
570,grosso,adj,0
570,que,conj-s,0
570,parede,v-fin,0
570,de,prp,0
570,catedral,n,0
570,ou,conj-c,0
570,papel,n,0
570,de,prp,0
570,enrolar,v-inf,0
570,prego,n,0
570,",",",",0
570,porém,adv,0
570,para,prp,0
570,o,art,0
570,trabalho,n,0
570,é,v-fin,0
570,paciente,adj,0
570,e,conj-c,0
570,concentrado,v-pcp,0
570,",",",",0
570,cabra,v-fin,0
570,trabalhador,n,0
570,igual,adj,0
570,a,prp,0
570,ele,pron-pers,0
570,ainda,adv,0
570,está,v-fin,0
570,para,prp,0
570,nascer,v-inf,0
570,.,.,0
571,Criado,v-pcp,0
571,na,adv,0
571,agricultura,n,0
571,",",",",0
571,nunca,adv,0
571,frequentou,v-fin,0
571,uma,art,0
571,escola,n,0
571,.,.,0
572,Tudo,pron-indp,0
572,o,pron-det,0
572,que,pron-indp,0
572,sabe,v-fin,0
572,fazer,v-inf,0
572,aprendeu,v-fin,0
572,com,prp,0
572,a,art,0
572,própria,pron-det,0
572,vida,n,0
572,.,.,0
573,Começou,v-fin,0
573,a,prp,0
573,trabalhar,v-inf,0
573,na,adv,0
573,roça,n,0
573,aos,adv,0
573,oito,num,0
573,anos,n,0
573,",",",",0
573,ajudando,v-ger,0
573,seu,pron-det,0
573,pai,n,0
573,no,adj,0
573,plantio,n,0
573,e,conj-c,0
573,cultivo,n,0
573,de,prp,0
573,macaxeira,prop,0
573,",",",",0
573,batata,prop,0
573,",",",",0
573,mandioca,prop,0
573,",",",",0
573,entre,prp,0
573,outras,pron-det,0
573,culturas,n,0
573,destinadas,v-pcp,0
573,ao,prp,0
573,sustento,n,0
573,da,adj,0
573,família,n,0
573,.,.,0
574,Quando,v-ger,0
574,completou,v-fin,0
574,dezessete,adv,0
574,anos,n,0
574,",",",",0
574,foi,v-fin,0
574,com,prp,0
574,os,art,0
574,pais,n,0
574,plantar,adj,0
574,algodão,n,0
574,em,prp,0
574,sistema,n,0
574,de,prp,0
574,meia,n,0
574,com,prp,0
574,o,art,0
574,proprietário,n,0
574,da,v-fin,0
574,terra,n,0
574,na,adj,0
574,cidade,n,0
574,de,prp,0
574,Pombal,prop,0
574,",",",",0
574,interior,n,0
574,paraibano,adj,0
574,.,.,0
575,Vale,v-fin,0
575,destacar,v-inf,0
575,que,conj-s,0
575,",",",",0
575,nesse,v-fin,0
575,período,n,0
575,",",",",0
575,o,art,0
575,apogeu,n,0
575,da,adj,0
575,produção,n,0
575,de,prp,0
575,algodão,n,0
575,vivia,v-fin,0
575,seu,pron-det,0
575,ﬁ,n,0
575,m,adj,0
575,na,adj,0
575,região,n,0
575,de,prp,0
575,Campina,n,0
575,Grande,prop,0
575,e,conj-c,0
575,redondezas,prop,0
575,.,.,0
576,A,art,0
576,família,n,0
576,de,prp,0
576,Tio,n,0
576,Jotão,adj,0
576,retorna,adj,0
576,para,prp,0
576,Campina,n,0
576,Grande,v-fin,0
576,depois,adv,0
576,de,prp,0
576,grande,adj,0
576,enchente,n,0
576,que,pron-indp,0
576,rompe,v-fin,0
576,as,art,0
576,paredes,n,0
576,de,prp,0
576,um,art,0
576,açude,n,0
576,cujas,adj,0
576,águas,n,0
576,inundam,v-fin,0
576,a,art,0
576,propriedade,n,0
576,onde,adv,0
576,trabalhavam,v-fin,0
576,.,.,0
577,Depois,prop,0
577,de,prp,0
577,dois,num,0
577,anos,n,0
577,operando,v-ger,0
577,como,adv,0
577,descaroçador,n,0
577,de,prp,0
577,algodão,n,0
577,em,prp,0
577,uma,art,0
577,indústria,n,0
577,de,prp,0
577,beneﬁ,n,0
577,ciamento,adj,0
577,desse,v-fin,0
577,produto,n,0
577,",",",",0
577,ele,pron-pers,0
577,decide,v-fin,0
577,aventurar-se,v-fin,0
577,no,pron-pers,0
577,Rio,n,0
577,de,prp,0
577,janeiro.Na,prop,0
577,terra,v-fin,0
577,do,v-fin,0
577,Maracanã,n,0
577,",",",",0
577,consegue,v-fin,0
577,emprego,n,0
577,de,prp,0
577,zelador,n,0
577,e,conj-c,0
577,vigia,n,0
577,num,adj,0
577,prédio,adj,0
577,no,adj,0
577,bairro,n,0
577,de,prp,0
577,Cascadura,n,0
577,",",",",0
577,suburbano,adj,0
577,do,adj,0
577,Rio,prop,0
577,.,.,0
578,Aos,v-fin,0
578,vinte,adj,0
578,e,conj-c,0
578,três,num,0
578,anos,n,0
578,",",",",0
578,o,art,0
578,nosso,pron-det,0
578,retirante,n,0
578,retorna,v-fin,0
578,à,adv,0
578,terra,n,0
578,natal,adj,0
578,para,prp,0
578,passar,v-inf,0
578,férias,n,0
578,e,conj-c,0
578,rever,v-inf,0
578,a,art,0
578,família,n,0
578,.,.,0
579,O,art,0
579,regresso,n,0
579,passageiro,adj,0
579,para,prp,0
579,a,art,0
579,Serra,prop,0
579,da,v-fin,0
579,Borborema,n,0
579,guardava,v-fin,0
579,para,prp,0
579,nosso,pron-det,0
579,personagem,n,0
579,uma,art,0
579,surpresa,n,0
579,que,pron-indp,0
579,mudaria,v-fin,0
579,sua,pron-det,0
579,vida,n,0
579,para,prp,0
579,sempre,adv,0
579,.,.,0
580,Um,num,0
580,dos,n,0
580,irmãos,adj,0
580,mais,adv,0
580,velhos,adj,0
580,de,prp,0
580,Tio,n,0
580,Jotão,prop,0
580,era,v-fin,0
580,dono,n,0
580,de,prp,0
580,uma,art,0
580,birosca,n,0
580,fornecedora,adj,0
580,de,prp,0
580,produtos,n,0
580,alimentícios,adj,0
580,",",",",0
580,biritas,n,0
580,e,conj-c,0
580,miudezas,n,0
580,em,prp,0
580,geral,n,0
580,que,pron-indp,0
580,",",",",0
580,também,adv,0
580,",",",",0
580,no,adv,0
580,horário,adj,0
580,da,v-fin,0
580,tarde,adv,0
580,",",",",0
580,cumpria,v-fin,0
580,a,art,0
580,função,n,0
580,de,prp,0
580,lugar,n,0
580,de,prp,0
580,encontro,n,0
580,dos,v-pcp,0
580,amigos,n,0
580,de,prp,0
580,infância,n,0
580,.,.,0
581,Assim,adv,0
581,",",",",0
581,era,v-fin,0
581,onde,adv,0
581,se,pron-pers,0
581,contavam,v-fin,0
581,as,art,0
581,anedotas,n,0
581,e,conj-c,0
581,aventuras,n,0
581,de,prp,0
581,um,art,0
581,morador,n,0
581,dali,adj,0
581,que,pron-indp,0
581,estava,v-fin,0
581,no,prp,0
581,Sudeste,n,0
581,.,.,0
582,Em,v-fin,0
582,frente,n,0
582,à,adj,0
582,birosca,n,0
582,havia,v-fin,0
582,um,art,0
582,chafariz,n,0
582,",",",",0
582,e,conj-c,0
582,foi,v-fin,0
582,aí,adv,0
582,que,conj-s,0
582,",",",",0
582,numa,v-fin,0
582,das,v-pcp,0
582,tardes,n,0
582,",",",",0
582,aquele,pron-det,0
582,jovem,adj,0
582,que,pron-indp,0
582,viria,v-fin,0
582,a,prp,0
582,ser,v-inf,0
582,meu,pron-det,0
582,Tio,n,0
582,Jotão,adj,0
582,avistou,v-fin,0
582,minha,pron-det,0
582,Tia,n,0
582,Pilá.Todas,v-pcp,0
582,as,art,0
582,tardes,n,0
582,",",",",0
582,a,art,0
582,moça,n,0
582,tinha,v-fin,0
582,a,art,0
582,incumbência,n,0
582,de,prp,0
582,apanhar,v-inf,0
582,água,n,0
582,para,prp,0
582,a,art,0
582,manutenção,n,0
582,de,prp,0
582,casa,n,0
582,",",",",0
582,o,pron-det,0
582,que,pron-indp,0
582,fazia,v-fin,0
582,com,prp,0
582,pesar,n,0
582,.,.,0
583,Entretanto,prop,0
583,",",",",0
583,a,prp,0
583,partir,v-inf,0
583,do,v-inf,0
583,dia,n,0
583,em,prp,0
583,que,pron-indp,0
583,avistou,v-fin,0
583,aquele,pron-det,0
583,moço,n,0
583,",",",",0
583,passou,v-fin,0
583,a,prp,0
583,lavar,v-inf,0
583,o,art,0
583,batente,n,0
583,da,adj,0
583,casa,n,0
583,",",",",0
583,a,prp,0
583,regar,v-inf,0
583,as,art,0
583,plantas,n,0
583,e,conj-c,0
583,a,prp,0
583,fazer,v-inf,0
583,todo,pron-det,0
583,tipo,n,0
583,de,prp,0
583,estripulia,prop,0
583,para,prp,0
583,gastar,v-inf,0
583,o,art,0
583,líquido,n,0
583,e,conj-c,0
583,",",",",0
583,assim,adv,0
583,",",",",0
583,dar,v-inf,0
583,outras,pron-det,0
583,viagens,n,0
583,ao,prp,0
583,chafariz,n,0
583,.,.,0
584,Com,prop,0
584,rapidez,n,0
584,",",",",0
584,Tio,prop,0
584,Jotão,prop,0
584,apurou,v-fin,0
584,informações,n,0
584,sobre,prp,0
584,sua,pron-det,0
584,princesa,n,0
584,e,conj-c,0
584,ﬁ,prop,0
584,cou,v-fin,0
584,sabendo,v-ger,0
584,que,conj-s,0
584,a,art,0
584,escolhida,n,0
584,era,v-fin,0
584,moça,n,0
584,de,prp,0
584,família,n,0
584,",",",",0
584,pessoa,n,0
584,religiosa,adj,0
584,que,pron-indp,0
584,frequentava,v-fin,0
584,a,art,0
584,igreja,n,0
584,regularmente,adj,0
584,.,.,0
585,Assim,adv,0
585,sendo,v-ger,0
585,",",",",0
585,no,adv,0
585,domingo,n,0
585,seguinte,adj,0
585,",",",",0
585,o,art,0
585,camarada,n,0
585,arrumou-se,adj,0
585,todo,pron-pers,0
585,e,conj-c,0
585,fez,v-fin,0
585,plantão,adv,0
585,na,adj,0
585,porta,n,0
585,da,pp,0
585,igreja,v-fin,0
585,do,adj,0
585,bairro,n,0
585,do,adj,0
585,Moita,adj,0
585,.,.,0
586,Próximo,adj,0
586,das,v-pcp,0
586,seis,num,0
586,da,n,0
586,tarde,adv,0
586,",",",",0
586,lá,adv,0
586,vem,v-fin,0
586,Pilá,n,0
586,:,adj,0
586,linda,v-fin,0
586,como,adv,0
586,uma,art,0
586,manhã,n,0
586,de,prp,0
586,sol,n,0
586,em,prp,0
586,uma,art,0
586,praia,n,0
586,deserta,adj,0
586,.,.,0
587,O,art,0
587,arrumado,n,0
587,rapaz,v-fin,0
587,se,pron-pers,0
587,aproximou,v-fin,0
587,",",",",0
587,pouco,adv,0
587,cordial,adj,0
587,",",",",0
587,e,conj-c,0
587,foi,v-fin,0
587,logo,adv,0
587,dizendo,v-ger,0
587,sem,prp,0
587,nenhuma,pron-det,0
587,ﬁ,n,0
587,rula,v-fin,0
587,:,N<{'185/60_R_14'},0
587,“,n,0
587,espero,v-fin,0
587,você,pron-pers,0
587,depois,adv,0
587,da,adv,0
587,missa,prop,0
587,",",",",0
587,quero,v-fin,0
587,falar-lhe,v-fin,0
587,um,art,0
587,assunto,n,0
587,muito,adv,0
587,importante,adj,0
587,”,adj,0
587,.,.,0
588,Como,adv,0
588,a,art,0
588,gazela,prop,0
588,já,adv,0
588,estava,v-fin,0
588,arrastando,v-ger,0
588,asas,adj,0
588,para,prp,0
588,o,art,0
588,cara,n,0
588,",",",",0
588,não,adv,0
588,houve,v-fin,0
588,empecilho,n,0
588,.,.,0
589,Conforme,adv,0
589,combinado,v-pcp,0
589,",",",",0
589,após,prp,0
589,a,art,0
589,missa,n,0
589,das,v-pcp,0
589,sete,num,0
589,",",",",0
589,o,art,0
589,casal,n,0
589,acertou,v-fin,0
589,as,art,0
589,bases,n,0
589,para,prp,0
589,o,pron-det,0
589,que,pron-indp,0
589,seria,v-fin,0
589,o,art,0
589,início,n,0
589,de,prp,0
589,curto,n,0
589,namoro,adj,0
589,e,conj-c,0
589,noivado,v-pcp,0
589,à,adv,0
589,distancia,n,0
589,",",",",0
589,já,adv,0
589,que,conj-s,0
589,o,art,0
589,moço,n,0
589,viajou,v-fin,0
589,em,prp,0
589,seguida,n,0
589,para,prp,0
589,o,art,0
589,Rio,prop,0
589,de,prp,0
589,Janeiro.Após,prop,0
589,dois,num,0
589,anos,n,0
589,",",",",0
589,voltou,v-fin,0
589,a,art,0
589,Campina,n,0
589,Grande,v-fin,0
589,para,prp,0
589,cumprir,v-inf,0
589,a,art,0
589,palavra,n,0
589,de,prp,0
589,se,pron-pers,0
589,casar,v-inf,0
589,e,conj-c,0
589,levar,v-inf,0
589,Pilá,n,0
589,consigo,n,0
589,.,.,0
590,Casaram-se,prop,0
590,num,pron-pers,0
590,dia,n,0
590,e,conj-c,0
590,no,n,0
590,seguinte,adj,0
590,entraram,v-fin,0
590,em,prp,0
590,um,art,0
590,ônibus,n,0
590,com,prp,0
590,destino,n,0
590,ao,prp,0
590,sul,n,0
590,maravilha,adj,0
590,.,.,0
591,A,art,0
591,viagem,n,0
591,",",",",0
591,que,pron-indp,0
591,durou,v-fin,0
591,três,num,0
591,dias,n,0
591,e,conj-c,0
591,três,num,0
591,noites,n,0
591,",",",",0
591,não,adv,0
591,lhes,pron-pers,0
591,permitiu,v-fin,0
591,desfrutar,v-inf,0
591,de,prp,0
591,uma,art,0
591,noite,n,0
591,de,prp,0
591,núpcias,n,0
591,.,.,0
592,A,art,0
592,jovem,adj,0
592,",",",",0
592,virgem,prop,0
592,e,conj-c,0
592,bela,prop,0
592,esposa,adj,0
592,",",",",0
592,o,art,0
592,acompanhava,v-fin,0
592,esperançosa,adj,0
592,de,prp,0
592,ter,v-inf,0
592,o,art,0
592,seu,pron-det,0
592,próprio,n,0
592,lar,adj,0
592,e,conj-c,0
592,constituir,v-inf,0
592,uma,art,0
592,linda,n,0
592,e,conj-c,0
592,feliz,adj,0
592,família,n,0
592,.,.,0
593,Durante,adv,0
593,a,art,0
593,viagem,n,0
593,",",",",0
593,um,art,0
593,fato,n,0
593,merece,v-fin,0
593,destacada,v-pcp,0
593,relevância,n,0
593,:,adj,0
593,a,art,0
593,presença,n,0
593,do,adj,0
593,músico,adj,0
593,",",",",0
593,cantor,n,0
593,e,conj-c,0
593,compositor,n,0
593,norte-rio-grandense,adj,0
593,Elino,pron-pers,0
593,Julião,n,0
593,",",",",0
593,o,art,0
593,qual,pron-det,0
593,",",",",0
593,a,prp,0
593,cada,pron-det,0
593,parada,n,0
593,",",",",0
593,fazia,v-fin,0
593,um,art,0
593,show,n,0
593,particular,adj,0
593,para,prp,0
593,o,art,0
593,púbere,n,0
593,casal,adj,0
593,e,conj-c,0
593,demais,adj,0
593,ocupantes,n,0
593,do,v-fin,0
593,transporte,n,0
593,coletivo.Tio,adj,0
593,Mandu,prop,0
593,",",",",0
593,além,prop,0
593,de,prp,0
593,marido,n,0
593,de,prp,0
593,Tia,n,0
593,Branca,adj,0
593,",",",",0
593,é,v-fin,0
593,um,art,0
593,cara,n,0
593,muito,adv,0
593,especial,adj,0
593,pra,prp,0
593,mim,pron-pers,0
593,.,.,0
594,Sempre,prop,0
594,conversamos,v-fin,0
594,muito,adv,0
594,.,.,0
595,Lembro-me,v-fin,0
595,com,prp,0
595,clareza,n,0
595,de,prp,0
595,suas,pron-det,0
595,conversas,n,0
595,sobre,prp,0
595,mulheres,n,0
595,",",",",0
595,homens,n,0
595,da,adj,0
595,história,n,0
595,",",",",0
595,música,n,0
595,",",",",0
595,estudos,n,0
595,",",",",0
595,enﬁ,n,0
595,m,prop,0
595,",",",",0
595,sobre,prp,0
595,coisas,n,0
595,que,pron-indp,0
595,muito,adv,0
595,me,pron-pers,0
595,excitavam,v-fin,0
595,.,.,0
596,Ele,prop,0
596,é,v-fin,0
596,responsável,adj,0
596,pela,adj,0
596,escolha,n,0
596,proﬁ,adj,0
596,ssional,adj,0
596,da,adj,0
596,maioria,n,0
596,dos,v-pcp,0
596,seus,pron-det,0
596,sobrinhos,n,0
596,.,.,0
597,Tinha,v-fin,0
597,uma,art,0
597,rádio,n,0
597,pirata,adj,0
597,chamada,v-pcp,0
597,Pai,n,0
597,D,adj,0
597,’,adj,0
597,égua,n,0
597,.,.,0
598,Como,adv,0
598,era,v-fin,0
598,ilegal,adj,0
598,",",",",0
598,sua,pron-det,0
598,programação,n,0
598,ia,v-fin,0
598,ao,prp,0
598,ar,n,0
598,na,adj,0
598,hora,n,0
598,da,prop,0
598,voz,n,0
598,do,adj,0
598,Brasil,prop,0
598,",",",",0
598,às,adv,0
598,sete,num,0
598,horas,n,0
598,da,adj,0
598,noite,n,0
598,.,.,0
599,A,art,0
599,radio,n,0
599,foi,v-fin,0
599,projetada,v-pcp,0
599,e,conj-c,0
599,montada,v-pcp,0
599,por,prp,0
599,ele,pron-pers,0
599,próprio,pron-det,0
599,",",",",0
599,o,pron-det,0
599,que,pron-indp,0
599,me,pron-pers,0
599,fascinava,v-fin,0
599,.,.,0
600,Eu,prop,0
600,era,v-fin,0
600,um,art,0
600,dos,n,0
600,locutores,adj,0
600,oﬁ,v-fin,0
600,ciais,adj,0
600,da,adj,0
600,Rádio,n,0
600,Pai,adj,0
600,D,v-fin,0
600,’,v-inf,0
600,égua,n,0
600,e,conj-c,0
600,me,pron-pers,0
600,divertia,v-fin,0
600,muito,adv,0
600,ouvindo,v-ger,0
600,minha,pron-det,0
600,própria,pron-det,0
600,voz,n,0
600,nos,pron-pers,0
600,rádios,adj,0
600,da,v-fin,0
600,vizinhança,n,0
600,.,.,0
601,O,art,0
601,Tio,n,0
601,Mandu,prop,0
601,ganhava,v-fin,0
601,a,art,0
601,vida,n,0
601,consertando,v-ger,0
601,aparelhos,n,0
601,eletrônicos,adj,0
601,e,conj-c,0
601,sua,pron-det,0
601,oﬁ,n,0
601,cina,prop,0
601,era,v-fin,0
601,na,adj,0
601,varanda,v-fin,0
601,da,v-inf,0
601,casa,n,0
601,o,pron-det,0
601,que,pron-indp,0
601,",",",",0
601,por,prp,0
601,certo,pron-det,0
601,",",",",0
601,não,adv,0
601,agradava,v-fin,0
601,muito,adv,0
601,à,adv,0
601,dona,v-fin,0
601,Cassiana,adj,0
601,",",",",0
601,pois,conj-s,0
601,o,art,0
601,cara,n,0
601,sempre,adv,0
601,foi,v-fin,0
601,muito,adv,0
601,desorganizado,v-pcp,0
601,e,conj-c,0
601,deixava,v-fin,0
601,muita,pron-det,0
601,coisa,n,0
601,espalhada,v-pcp,0
601,",",",",0
601,atrapalhando,v-ger,0
601,quem,pron-indp,0
601,passava,v-fin,0
601,por,prp,0
601,ali.A,art,0
601,desorganização,n,0
601,",",",",0
601,que,pron-indp,0
601,é,v-fin,0
601,uma,art,0
601,das,n,0
601,inúmeras,adj,0
601,características,adj,0
601,do,v-fin,0
601,Mandu,prop,0
601,e,conj-c,0
601,que,pron-indp,0
601,não,adv,0
601,agrada,v-fin,0
601,as,art,0
601,pessoas,n,0
601,que,pron-indp,0
601,moram,v-fin,0
601,com,prp,0
601,ele,pron-pers,0
601,",",",",0
601,certamente,adv,0
601,não,adv,0
601,foi,v-fin,0
601,o,pron-det,0
601,que,pron-indp,0
601,me,pron-pers,0
601,fez,v-fin,0
601,seguir,v-inf,0
601,a,art,0
601,carreira,n,0
601,de,prp,0
601,técnico,n,0
601,em,prp,0
601,eletrônica,n,0
601,",",",",0
601,e,conj-c,0
601,ﬁ,prop,0
601,zeram,v-fin,0
601,Gago,n,0
601,",",",",0
601,Nininho,prop,0
601,",",",",0
601,Terra,n,0
601,Quente,adj,0
601,",",",",0
601,Binha,prop,0
601,e,conj-c,0
601,o,art,0
601,Nido,prop,0
601,",",",",0
601,que,pron-indp,0
601,é,v-fin,0
601,ﬁ,adj,0
601,lho,n,0
601,de,prp,0
601,sangue,n,0
601,do,adj,0
601,homem,n,0
601,",",",",0
601,seguirem,v-inf,0
601,proﬁ,adj,0
601,ssões,n,0
601,assemelhadas,v-pcp,0
601,.,.,0
602,Nossa,v-fin,0
602,admiração,n,0
602,por,prp,0
602,ele,pron-pers,0
602,vinha,v-fin,0
602,da,v-fin,0
602,sua,pron-det,0
602,genialidade,n,0
602,.,.,0
603,O,art,0
603,cara,n,0
603,",",",",0
603,com,prp,0
603,apenas,adv,0
603,dezessete,num,0
603,anos,n,0
603,",",",",0
603,em,prp,0
603,pleno,adj,0
603,regime,n,0
603,militar,adj,0
603,",",",",0
603,já,adv,0
603,era,v-fin,0
603,câmera,n,0
603,da,adj,0
603,TV,adj,0
603,Borborema,prop,0
603,",",",",0
603,aﬁ,v-fin,0
603,liada,v-pcp,0
603,da,adv,0
603,Rede,v-fin,0
603,Globo,n,0
603,em,prp,0
603,Campina,n,0
603,Grande,prop,0
603,.,.,0
604,Para,v-fin,0
604,conseguir,v-inf,0
604,o,art,0
604,cargo,n,0
604,",",",",0
604,teve,v-fin,0
604,que,conj-s,0
604,aprender,v-inf,0
604,a,prp,0
604,consertar,v-inf,0
604,equipamentos,n,0
604,eletrônicos,adj,0
604,sozinho,adj,0
604,.,.,0
605,Além,prop,0
605,de,prp,0
605,autodidata,n,0
605,em,prp,0
605,eletrônica,n,0
605,",",",",0
605,o,art,0
605,cara,n,0
605,toca,adj,0
605,pandeiro,adj,0
605,",",",",0
605,baixo,adj,0
605,e,conj-c,0
605,violão,n,0
605,.,.,0
606,Seu,n,0
606,primeiro,adj,0
606,pandeiro,n,0
606,ele,pron-pers,0
606,fez,v-fin,0
606,com,prp,0
606,as,art,0
606,próprias,adj,0
606,mãos,n,0
606,",",",",0
606,utilizando,v-ger,0
606,uma,art,0
606,lata,n,0
606,de,prp,0
606,doce,n,0
606,de,prp,0
606,banana,prop,0
606,e,conj-c,0
606,chapinhas,n,0
606,de,prp,0
606,garrafas,n,0
606,de,prp,0
606,cerveja,n,0
606,.,.,0
607,Frequentou,v-fin,0
607,a,art,0
607,escola,n,0
607,somente,adj,0
607,até,prp,0
607,o,art,0
607,terceiro,adj,0
607,ano,n,0
607,do,adj,0
607,antigo,adj,0
607,primário,adj,0
607,e,conj-c,0
607,aos,adj,0
607,doze,num,0
607,anos,n,0
607,",",",",0
607,em,prp,0
607,virtude,n,0
607,das,v-pcp,0
607,diﬁ,v-fin,0
607,culdades,n,0
607,que,pron-indp,0
607,a,art,0
607,família,n,0
607,enfrentava,v-fin,0
607,",",",",0
607,foi,v-fin,0
607,obrigado,v-pcp,0
607,a,prp,0
607,se,pron-pers,0
607,inscrever,v-inf,0
607,em,prp,0
607,uma,art,0
607,frente,n,0
607,de,prp,0
607,trabalho,n,0
607,patrocinada,v-pcp,0
607,pela,n,0
607,indústria,adj,0
607,da,adj,0
607,seca,n,0
607,e,conj-c,0
607,mantida,n,0
607,pelo,adj,0
607,então,adv,0
607,governo,n,0
607,de,prp,0
607,Juscelino,n,0
607,Kubitschek,adj,0
607,.,.,0
608,Essas,adj,0
608,frentes,n,0
608,tinham,v-fin,0
608,o,art,0
608,objetivo,n,0
608,de,prp,0
608,gerar,v-inf,0
608,emprego,n,0
608,e,conj-c,0
608,renda,n,0
608,",",",",0
608,não,adv,0
608,como,adv,0
608,hoje,adv,0
608,",",",",0
608,era,v-fin,0
608,emprego,n,0
608,em,prp,0
608,troca,n,0
608,de,prp,0
608,comida,n,0
608,",",",",0
608,literalmente,adv,0
608,.,.,0
609,No,prop,0
609,ﬁ,v-fin,0
609,m,n,0
609,de,prp,0
609,cada,pron-det,0
609,semana,n,0
609,de,prp,0
609,trabalho,n,0
609,",",",",0
609,recebia-se,v-fin,0
609,uma,art,0
609,provisão,n,0
609,de,prp,0
609,mantimentos,n,0
609,.,.,0
610,Não,v-fin,0
610,se,pron-pers,0
610,recebia,v-fin,0
610,dinheiro,n,0
610,.,.,0
611,Discussões,n,0
611,sociológicas,adj,0
611,à,adv,0
611,parte,n,0
611,",",",",0
611,o,art,0
611,certo,pron-det,0
611,é,v-fin,0
611,que,conj-s,0
611,o,art,0
611,menino,n,0
611,se,pron-pers,0
611,empregou,v-fin,0
611,em,prp,0
611,atividade,n,0
611,exploradora,adj,0
611,de,prp,0
611,devastar,v-inf,0
611,mato,n,0
611,e,conj-c,0
611,quebrar,v-inf,0
611,pedra,n,0
611,para,prp,0
611,a,art,0
611,construção,n,0
611,de,prp,0
611,estradas,n,0
611,no,adj,0
611,interior,n,0
611,paraibano.Quando,v-ger,0
611,eu,pron-pers,0
611,digo,v-fin,0
611,que,conj-s,0
611,o,art,0
611,homem,n,0
611,tangencia,v-fin,0
611,a,art,0
611,genialidade,n,0
611,",",",",0
611,não,adv,0
611,estou,v-fin,0
611,exagerando,v-ger,0
611,.,.,0
612,Ele,prop,0
612,apresenta,v-fin,0
612,vários,pron-det,0
612,elementos,n,0
612,que,pron-indp,0
612,me,pron-pers,0
612,fazem,v-fin,0
612,pensar,v-inf,0
612,assim,adv,0
612,.,.,0
613,Um,num,0
613,deles,prop,0
613,é,v-fin,0
613,o,art,0
613,fato,n,0
613,de,prp,0
613,se,pron-pers,0
613,comunicar,v-inf,0
613,com,prp,0
613,diﬁ,pron-det,0
613,culdades,n,0
613,com,prp,0
613,o,art,0
613,mundo,n,0
613,externo,adj,0
613,.,.,0
614,Quando,v-ger,0
614,indagamos,v-fin,0
614,algo,adv,0
614,a,prp,0
614,ele,pron-pers,0
614,",",",",0
614,oferece,v-fin,0
614,respostas,n,0
614,evasivas,adj,0
614,",",",",0
614,tem,v-fin,0
614,imensa,v-pcp,0
614,diﬁ,adj,0
614,culdade,n,0
614,de,prp,0
614,falar,v-inf,0
614,diretamente,adv,0
614,sobre,prp,0
614,qualquer,pron-det,0
614,assunto,n,0
614,com,prp,0
614,resposta,n,0
614,simples,adj,0
614,.,.,0
615,Tenho,n,0
615,a,art,0
615,impressão,n,0
615,",",",",0
615,às,adv,0
615,vezes,n,0
615,",",",",0
615,de,prp,0
615,que,conj-s,0
615,ele,pron-pers,0
615,está,v-fin,0
615,em,prp,0
615,um,art,0
615,mundo,n,0
615,só,adv,0
615,dele,v-fin,0
615,e,conj-c,0
615,que,conj-s,0
615,ninguém,pron-indp,0
615,consegue,v-fin,0
615,penetrar,v-inf,0
615,naquele,adj,0
615,espaço,n,0
615,autista,v-fin,0
615,que,pron-indp,0
615,ele,pron-pers,0
615,criou,v-fin,0
615,para,prp,0
615,si,pron-pers,0
615,.,.,0
616,No,prop,0
616,círculo,v-fin,0
616,conﬂ,n,0
616,ituoso,adj,0
616,que,pron-indp,0
616,é,v-fin,0
616,minha,pron-det,0
616,família,n,0
616,",",",",0
616,nem,conj-c,0
616,todos,pron-det,0
616,acham,v-fin,0
616,que,conj-s,0
616,esse,pron-det,0
616,comportamento,n,0
616,vem,v-fin,0
616,da,adj,0
616,proximidade,n,0
616,com,prp,0
616,a,art,0
616,genialidade.O,prop,0
616,pai,n,0
616,de,prp,0
616,Lerita,n,0
616,é,v-fin,0
616,alto,adj,0
616,como,adv,0
616,meu,pron-det,0
616,avô,n,0
616,",",",",0
616,um,art,0
616,pouco,pron-det,0
616,mais,adv,0
616,claro,adj,0
616,",",",",0
616,tem,v-fin,0
616,a,art,0
616,voz,n,0
616,de,prp,0
616,locutor,n,0
616,de,prp,0
616,FM,prop,0
616,e,conj-c,0
616,traz,v-fin,0
616,as,art,0
616,deﬁ,n,0
616,ciências,adj,0
616,respiratórias,adj,0
616,que,pron-indp,0
616,sua,pron-det,0
616,mãe,n,0
616,tinha,v-fin,0
616,.,.,0
617,Homem,prop,0
617,de,prp,0
617,imenso,adj,0
617,bom,adj,0
617,humor,n,0
617,",",",",0
617,disso,adv,0
617,ninguém,pron-indp,0
617,discorda,v-fin,0
617,",",",",0
617,e,conj-c,0
617,apaixonado,v-pcp,0
617,pela,n,0
617,Jovem-Guarda,adj,0
617,.,.,0
618,Uma,num,0
618,de,prp,0
618,suas,pron-det,0
618,maiores,adj,0
618,frustrações,n,0
618,foi,v-fin,0
618,ter,v-inf,0
618,saído,v-pcp,0
618,da,n,0
618,escola,n,0
618,muito,adv,0
618,cedo,adv,0
618,.,.,0
619,Como,adv,0
619,ele,pron-pers,0
619,mesmo,pron-det,0
619,diz,v-fin,0
619,",",",",0
619,até,prp,0
619,prêmio,prop,0
619,ganhou,v-fin,0
619,na,adv,0
619,escola,n,0
619,",",",",0
619,queria,v-fin,0
619,estudar,v-inf,0
619,mais,adv,0
619,.,.,0
620,Seu,prop,0
620,grande,adj,0
620,sonho,n,0
620,era,v-fin,0
620,ser,v-inf,0
620,cineasta,adj,0
620,e,conj-c,0
620,",",",",0
620,se,conj-s,0
620,não,adv,0
620,o,pron-pers,0
620,realizou,v-fin,0
620,",",",",0
620,sua,pron-det,0
620,vida,n,0
620,real,adj,0
620,foi,v-fin,0
620,ilustrada,v-pcp,0
620,por,prp,0
620,isso,pron-indp,0
620,.,.,0
621,Um,art,0
621,sonho,n,0
621,que,pron-indp,0
621,se,pron-pers,0
621,mistura,v-fin,0
621,com,prp,0
621,o,art,0
621,cotidiano,n,0
621,material,prop,0
621,levou,v-fin,0
621,o,art,0
621,jovem,adj,0
621,a,prp,0
621,trabalhar,v-inf,0
621,como,adv,0
621,câmera,n,0
621,.,.,0
622,Tia,n,0
622,Branca,adj,0
622,é,v-fin,0
622,a,art,0
622,paciência,n,0
622,em,prp,0
622,pessoa,n,0
622,.,.,0
623,Às,prop,0
623,vezes,n,0
623,",",",",0
623,acho,v-fin,0
623,que,conj-s,0
623,ela,pron-pers,0
623,reencarnou,v-fin,0
623,a,art,0
623,tranquilidade,n,0
623,da,adj,0
623,minha,pron-det,0
623,avó,n,0
623,",",",",0
623,por,prp,0
623,isso,pron-indp,0
623,",",",",0
623,minha,pron-det,0
623,paixão,n,0
623,especial,adj,0
623,por,prp,0
623,ela,pron-pers,0
623,.,.,0
624,A,art,0
624,mulher,n,0
624,é,v-fin,0
624,uma,art,0
624,unanimidade,n,0
624,na,adj,0
624,família,n,0
624,",",",",0
624,pois,conj-s,0
624,",",",",0
624,além,prop,0
624,de,prp,0
624,trabalhadeira,prop,0
624,",",",",0
624,traz,v-fin,0
624,uma,art,0
624,humildade,n,0
624,e,conj-c,0
624,um,art,0
624,jeito,n,0
624,de,prp,0
624,tratar,v-inf,0
624,especialmente,adv,0
624,elegante,adj,0
624,",",",",0
624,recebe,v-fin,0
624,todos,pron-det,0
624,tão,adv,0
624,bem,adv,0
624,que,conj-s,0
624,faz,v-fin,0
624,com,prp,0
624,que,conj-s,0
624,as,art,0
624,visitas,n,0
624,sintam-se,v-fin,0
624,em,prp,0
624,suas,pron-det,0
624,próprias,adj,0
624,casas,n,0
624,.,.,0
625,Começou,v-fin,0
625,a,prp,0
625,namorar,v-inf,0
625,o,art,0
625,Tio,n,0
625,Mandu,prop,0
625,em,prp,0
625,uma,art,0
625,segunda-feira,n,0
625,de,prp,0
625,carnaval,prop,0
625,.,.,0
626,O,art,0
626,primeiro,adj,0
626,beijo,n,0
626,dos,v-pcp,0
626,dois,num,0
626,aconteceu,v-fin,0
626,dentro,adv,0
626,do,adj,0
626,ônibus,n,0
626,da,adj,0
626,linha,n,0
626,921,num,0
626,",",",",0
626,Bangu/Parada,v-pcp,0
626,de,prp,0
626,Lucas,n,0
626,.,.,0
627,O,art,0
627,casal,n,0
627,estava,v-fin,0
627,sentado,v-pcp,0
627,na,adv,0
627,primeira,adj,0
627,cadeira,n,0
627,",",",",0
627,após,prp,0
627,o,art,0
627,trocador,n,0
627,.,.,0
628,E,prop,0
628,quero,v-fin,0
628,contar,v-inf,0
628,esse,pron-det,0
628,episódio,n,0
628,com,prp,0
628,o,art,0
628,coração,n,0
628,",",",",0
628,pois,conj-s,0
628,fui,v-fin,0
628,testemunha,adj,0
628,ocular,v-inf,0
628,.,.,0
629,Estávamos,v-fin,0
629,no,adv,0
629,coletivo,adj,0
629,",",",",0
629,indo,v-ger,0
629,do,n,0
629,Noia,adj,0
629,para,prp,0
629,a,art,0
629,casa,n,0
629,de,prp,0
629,minha,pron-det,0
629,mãe,n,0
629,–,v-fin,0
629,percurso,n,0
629,para,prp,0
629,o,art,0
629,qual,pron-det,0
629,era,v-fin,0
629,necessário,adj,0
629,apanhar,v-inf,0
629,três,num,0
629,conduções,n,0
629,diferentes,adj,0
629,.,.,0
630,No,prop,0
630,bairro,n,0
630,de,prp,0
630,Bangu,prop,0
630,",",",",0
630,mais,adv,0
630,especiﬁ,adj,0
630,camente,adv,0
630,na,adj,0
630,Praça,n,0
630,de,prp,0
630,Guilherme,n,0
630,da,adj,0
630,Silveira,prop,0
630,",",",",0
630,havia,v-fin,0
630,um,art,0
630,carnaval,n,0
630,de,prp,0
630,rua,n,0
630,muito,adv,0
630,animado,v-pcp,0
630,",",",",0
630,do,n,0
630,qual,pron-det,0
630,vínhamos,v-fin,0
630,",",",",0
630,eu,pron-pers,0
630,",",",",0
630,Tia,v-fin,0
630,Cheirosa,adj,0
630,e,conj-c,0
630,o,art,0
630,irmão,n,0
630,de,prp,0
630,Tia,n,0
630,Branca,adj,0
630,que,pron-indp,0
630,já,adv,0
630,namoravam,v-fin,0
630,há,v-fin,0
630,algum,pron-det,0
630,tempo,n,0
630,.,.,0
631,Reparei,v-fin,0
631,que,conj-s,0
631,",",",",0
631,desde,prp,0
631,que,conj-s,0
631,saíamos,v-fin,0
631,da,v-inf,0
631,casa,n,0
631,de,prp,0
631,minha,pron-det,0
631,avó,n,0
631,",",",",0
631,onde,adv,0
631,Branca,prop,0
631,foi,v-fin,0
631,apresentada,v-pcp,0
631,ao,prp,0
631,meu,pron-det,0
631,tio,n,0
631,",",",",0
631,ele,pron-pers,0
631,não,adv,0
631,deixou,v-fin,0
631,a,art,0
631,moça,n,0
631,só,adv,0
631,um,num,0
631,minuto,n,0
631,sequer,adv,0
631,.,.,0
632,A,art,0
632,linda,n,0
632,jovem,adj,0
632,de,prp,0
632,cabelos,n,0
632,pretos,adj,0
632,",",",",0
632,longos,adj,0
632,e,conj-c,0
632,lisos,adj,0
632,",",",",0
632,por,prp,0
632,sua,pron-det,0
632,vez,n,0
632,",",",",0
632,não,adv,0
632,fez,v-fin,0
632,qualquer,pron-det,0
632,oposição,n,0
632,às,adj,0
632,abordagens,n,0
632,gentis,adj,0
632,do,v-fin,0
632,marmanjo,prop,0
632,.,.,0
633,Para,v-fin,0
633,um,art,0
633,menino,n,0
633,como,adv,0
633,eu,pron-pers,0
633,",",",",0
633,com,prp,0
633,aproximadamente,adv,0
633,doze,num,0
633,anos,n,0
633,",",",",0
633,em,prp,0
633,plena,adj,0
633,préadolescência,n,0
633,",",",",0
633,aquilo,pron-indp,0
633,era,v-fin,0
633,uma,art,0
633,aula,n,0
633,de,prp,0
633,como,adv,0
633,interpretar,v-inf,0
633,a,art,0
633,atmosfera,n,0
633,repleta,adj,0
633,de,prp,0
633,hormônios,n,0
633,e,conj-c,0
633,",",",",0
633,melhor,adj,0
633,",",",",0
633,de,prp,0
633,como,adv,0
633,atuar,v-inf,0
633,em,prp,0
633,situações,n,0
633,como,adv,0
633,essas,pron-det,0
633,",",",",0
633,onde,adv,0
633,a,art,0
633,proximidade,n,0
633,do,adj,0
633,sexo,adj,0
633,oposto,v-pcp,0
633,muda,v-fin,0
633,a,art,0
633,condução,n,0
633,das,v-pcp,0
633,palavras,n,0
633,e,conj-c,0
633,atitudes,n,0
633,.,.,0
634,Como,prp,0
634,o,art,0
634,período,n,0
634,carnavalesco,adj,0
634,já,adv,0
634,cria,v-fin,0
634,uma,art,0
634,condição,n,0
634,propícia,adj,0
634,para,prp,0
634,os,art,0
634,encontros,n,0
634,sensuais,adj,0
634,",",",",0
634,tudo,pron-indp,0
634,parecia,v-fin,0
634,arrumado,v-pcp,0
634,pelo,adj,0
634,acaso,n,0
634,para,prp,0
634,que,conj-s,0
634,eles,pron-pers,0
634,causassem,v-fin,0
634,um,art,0
634,no,n,0
634,outro,pron-det,0
634,a,art,0
634,impressão,n,0
634,necessária,adj,0
634,para,prp,0
634,se,pron-pers,0
634,envolverem,v-inf,0
634,amorosamente,adv,0
634,.,.,0
635,Não,prop,0
635,deu,v-fin,0
635,outra,pron-det,0
635,.,.,0
636,Estão,adv,0
636,juntos,v-pcp,0
636,desde,prp,0
636,então,adv,0
636,.,.,0
637,E,prop,0
637,eu,pron-pers,0
637,digo,v-fin,0
637,a,art,0
637,vocês,n,0
637,",",",",0
637,essa,pron-det,0
637,mulher,n,0
637,foi,v-fin,0
637,a,art,0
637,melhor,adj,0
637,coisa,n,0
637,que,pron-indp,0
637,aconteceu,v-fin,0
637,na,adv,0
637,vida,n,0
637,do,adj,0
637,camarada,v-pcp,0
637,.,.,0
638,Sem,prop,0
638,ela,pron-pers,0
638,",",",",0
638,o,art,0
638,Tio,n,0
638,Mandu,prop,0
638,estaria,v-fin,0
638,frito,n,0
638,.,.,0
639,Essa,v-fin,0
639,mulher,n,0
639,botou,v-fin,0
639,prumo,n,0
639,na,adj,0
639,vida,n,0
639,do,adj,0
639,cara,prop,0
639,",",",",0
639,o,art,0
639,pouco,pron-det,0
639,de,prp,0
639,organização,n,0
639,que,pron-indp,0
639,o,art,0
639,marido,n,0
639,possui,v-fin,0
639,no,N<{'185/60_R_14'},0
639,trabalho,n,0
639,deve,v-fin,0
639,a,prp,0
639,ela,pron-pers,0
639,.,.,0
640,Já,v-fin,0
640,que,conj-s,0
640,falei,v-fin,0
640,na,n,0
640,Tia,adj,0
640,Cheirosa,adj,0
640,",",",",0
640,deixe-me,v-fin,0
640,prosseguir,v-inf,0
640,.,.,0
641,A,art,0
641,meu,pron-det,0
641,ver,v-inf,0
641,",",",",0
641,é,v-fin,0
641,ela,pron-pers,0
641,",",",",0
641,dentre,adv,0
641,todas,pron-det,0
641,as,art,0
641,pessoas,n,0
641,da,adj,0
641,família,n,0
641,–,prop,0
641,com,prp,0
641,exceção,n,0
641,da,adj,0
641,Lerita,adj,0
641,–,v-fin,0
641,a,art,0
641,mais,adv,0
641,bela,adj,0
641,de,prp,0
641,todas,pron-det,0
641,.,.,0
642,A,art,0
642,mulher,n,0
642,é,v-fin,0
642,a,art,0
642,maior,adj,0
642,negrona,n,0
642,",",",",0
642,alta,n,0
642,",",",",0
642,pele,v-fin,0
642,perfeitamente,adv,0
642,lisa,adj,0
642,e,conj-c,0
642,linda,adj,0
642,.,.,0
643,Quando,v-ger,0
643,sorri,prop,0
643,",",",",0
643,expõem-se,v-fin,0
643,duas,num,0
643,barroquinhas,n,0
643,",",",",0
643,um,num,0
643,em,prp,0
643,cada,pron-det,0
643,lados,n,0
643,da,v-fin,0
643,face,n,0
643,",",",",0
643,nariz,n,0
643,capaz,adj,0
643,de,prp,0
643,inspirar,v-inf,0
643,as,art,0
643,artes,n,0
643,de,prp,0
643,Ivo,n,0
643,Pitangui,adj,0
643,e,conj-c,0
643,",",",",0
643,de,prp,0
643,longe,adv,0
643,",",",",0
643,é,v-fin,0
643,quem,pron-indp,0
643,tem,v-fin,0
643,mais,adv,0
643,charme,adj,0
643,entre,prp,0
643,todos,pron-det,0
643,nós,pron-pers,0
643,.,.,0
644,Outro,prop,0
644,fator,n,0
644,que,pron-indp,0
644,acho,v-fin,0
644,de,prp,0
644,relevante,adv,0
644,destaque,n,0
644,na,adv,0
644,vida,n,0
644,da,adj,0
644,Cheirosa,adj,0
644,é,v-fin,0
644,ela,pron-pers,0
644,ter,v-inf,0
644,resolvido,v-pcp,0
644,estudar,v-inf,0
644,depois,adv,0
644,de,prp,0
644,cinquenta,num,0
644,anos,n,0
644,de,prp,0
644,idade,n,0
644,.,.,0
645,Voltou,v-fin,0
645,para,prp,0
645,a,art,0
645,escola,n,0
645,e,conj-c,0
645,já,adv,0
645,concluiu,v-fin,0
645,o,art,0
645,ensino,n,0
645,médio,adj,0
645,.,.,0
646,O,art,0
646,carinhoso,adj,0
646,apelido,v-pcp,0
646,foi,v-fin,0
646,gentilmente,adj,0
646,atribuído,v-pcp,0
646,pelo,adj,0
646,seu,pron-det,0
646,pai,n,0
646,.,.,0
647,Vejam,prop,0
647,só,adv,0
647,que,conj-s,0
647,interessantes,prop,0
647,",",",",0
647,que,pron-indp,0
647,tamanha,v-fin,0
647,contradição,n,0
647,",",",",0
647,o,art,0
647,meu,pron-det,0
647,avô,n,0
647,",",",",0
647,que,pron-indp,0
647,era,v-fin,0
647,um,art,0
647,tremendo,n,0
647,racista,adj,0
647,",",",",0
647,elegeu,v-fin,0
647,a,art,0
647,ﬁ,n,0
647,lha,v-fin,0
647,mais,adv,0
647,preta,adj,0
647,de,prp,0
647,todas,pron-det,0
647,para,prp,0
647,chamar,v-inf,0
647,de,prp,0
647,cheirosa,prop,0
647,",",",",0
647,causando,v-ger,0
647,",",",",0
647,inclusive,adv,0
647,",",",",0
647,nas,adj,0
647,outras,pron-det,0
647,ﬁ,v-fin,0
647,lhas,n,0
647,",",",",0
647,um,art,0
647,ciume,n,0
647,velado.Nega,adj,0
647,",",",",0
647,ﬁ,adj,0
647,lha,n,0
647,mais,adv,0
647,jovem,adj,0
647,do,n,0
647,casal,adj,0
647,Cassiana,adj,0
647,e,conj-c,0
647,Isidro,prop,0
647,",",",",0
647,apenas,adv,0
647,seis,num,0
647,anos,n,0
647,mais,adv,0
647,velha,adj,0
647,do,v-fin,0
647,que,conj-s,0
647,eu,pron-pers,0
647,",",",",0
647,meio,adv,0
647,tia,n,0
647,",",",",0
647,meio,adj,0
647,irmã,n,0
647,",",",",0
647,às,adv,0
647,vezes,n,0
647,queria,v-fin,0
647,dar,v-inf,0
647,uma,num,0
647,de,prp,0
647,mãe,n,0
647,",",",",0
647,coisa,n,0
647,que,pron-indp,0
647,eu,pron-pers,0
647,não,adv,0
647,deixava,v-fin,0
647,.,.,0
648,Na,prop,0
648,época,n,0
648,",",",",0
648,achava-a,v-fin,0
648,metida,v-pcp,0
648,a,art,0
648,besta,n,0
648,.,.,0
649,Mulher,prop,0
649,pequena,adj,0
649,",",",",0
649,pele,n,0
649,como,adv,0
649,a,art,0
649,dos,n,0
649,indígenas,adj,0
649,",",",",0
649,cabelos,n,0
649,lisos,adj,0
649,e,conj-c,0
649,grossos,adj,0
649,como,adv,0
649,os,art,0
649,da,n,0
649,mãe,adj,0
649,",",",",0
649,sorriso,n,0
649,largo,adj,0
649,e,conj-c,0
649,exagerado,v-pcp,0
649,",",",",0
649,incorporou,v-fin,0
649,fortemente,adv,0
649,os,art,0
649,valores,n,0
649,do,v-fin,0
649,Sudeste,n,0
649,.,.,0
650,A,art,0
650,moça,n,0
650,sempre,adv,0
650,quis,v-fin,0
650,parecer,v-inf,0
650,carioca,adj,0
650,",",",",0
650,usava,v-fin,0
650,roupas,prop,0
650,e,conj-c,0
650,se,pron-pers,0
650,maquiava,v-fin,0
650,de,prp,0
650,modo,n,0
650,que,pron-indp,0
650,pudesse,v-fin,0
650,confundir,v-inf,0
650,os,art,0
650,outros,pron-det,0
650,",",",",0
650,mesmo,adv,0
650,que,conj-s,0
650,visualmente,adv,0
650,",",",",0
650,sobre,prp,0
650,sua,pron-det,0
650,origem,n,0
650,.,.,0
651,E,prop,0
651,",",",",0
651,como,adv,0
651,que,conj-s,0
651,",",",",0
651,para,prp,0
651,não,adv,0
651,fugir,v-inf,0
651,à,adv,0
651,regra,n,0
651,",",",",0
651,namoradeira,prop,0
651,pra,v-fin,0
651,caramba.O,adj,0
651,lugar,n,0
651,em,prp,0
651,que,pron-indp,0
651,Tio,v-fin,0
651,Jotão,prop,0
651,e,conj-c,0
651,Tia,prop,0
651,Pilá,prop,0
651,foram,v-fin,0
651,morar,v-inf,0
651,quando,adv,0
651,chegaram,v-fin,0
651,ao,prp,0
651,Rio,v-inf,0
651,de,prp,0
651,Janeiro,n,0
651,localizava-se,v-fin,0
651,no,pron-pers,0
651,subsolo,n,0
651,de,prp,0
651,um,art,0
651,prédio,n,0
651,.,.,0
652,Era,v-fin,0
652,um,art,0
652,quarto,adj,0
652,pequeno,adj,0
652,",",",",0
652,uma,art,0
652,cozinha,n,0
652,menor,adj,0
652,ainda,adv,0
652,e,conj-c,0
652,um,art,0
652,banheiro,n,0
652,minúsculo,prop,0
652,",",",",0
652,o,pron-det,0
652,que,pron-indp,0
652,não,adv,0
652,agradou,v-fin,0
652,à,adv,0
652,recém-casada,v-pcp,0
652,mulher,n,0
652,.,.,0
653,A,art,0
653,morada,n,0
653,",",",",0
653,cedida,v-pcp,0
653,pela,n,0
653,síndica,adj,0
653,do,adj,0
653,prédio,n,0
653,onde,adv,0
653,o,art,0
653,esforçado,n,0
653,Jotão,prop,0
653,trabalhava,v-fin,0
653,em,prp,0
653,duas,num,0
653,funções,n,0
653,–,v-fin,0
653,nos,pron-pers,0
653,horários,n,0
653,de,prp,0
653,pico,n,0
653,",",",",0
653,era,v-fin,0
653,porteiro,adj,0
653,e,conj-c,0
653,nos,pron-pers,0
653,horários,n,0
653,mais,adv,0
653,tranquilos,adj,0
653,",",",",0
653,funcionava,v-fin,0
653,como,adv,0
653,zelador,n,0
653,–,prop,0
653,tinha,v-fin,0
653,móveis,adj,0
653,velhos,adj,0
653,cheios,n,0
653,de,prp,0
653,cupins,prop,0
653,e,conj-c,0
653,um,art,0
653,fogão,n,0
653,completamente,adj,0
653,enferrujado,v-pcp,0
653,também,adv,0
653,deixados,v-pcp,0
653,pela,n,0
653,síndica,adj,0
653,.,.,0
654,Essa,v-fin,0
654,imagem,n,0
654,nunca,adv,0
654,mais,adv,0
654,saiu,v-fin,0
654,do,adj,0
654,pensamento,n,0
654,de,prp,0
654,Tia,n,0
654,Pilá,adj,0
654,.,.,0
655,Sua,v-fin,0
655,decepção,n,0
655,fora,adj,0
655,grande,adj,0
655,",",",",0
655,e,conj-c,0
655,ela,pron-pers,0
655,chorava,v-fin,0
655,de,prp,0
655,dia,n,0
655,e,conj-c,0
655,de,prp,0
655,noite,n,0
655,.,.,0
656,Imaginara,v-fin,0
656,morar,v-inf,0
656,em,prp,0
656,uma,art,0
656,casa,n,0
656,iluminada,v-pcp,0
656,",",",",0
656,arejada,v-pcp,0
656,",",",",0
656,com,prp,0
656,um,art,0
656,quintal,n,0
656,",",",",0
656,mesmo,adv,0
656,que,conj-s,0
656,pequeno,prop,0
656,",",",",0
656,e,conj-c,0
656,com,prp,0
656,mobília,n,0
656,nova,adj,0
656,.,.,0
657,Não,prop,0
657,precisava,v-fin,0
657,ser,v-inf,0
657,de,prp,0
657,primeira,adj,0
657,categoria,n,0
657,",",",",0
657,de,prp,0
657,grife,prop,0
657,",",",",0
657,mas,conj-c,0
657,tinha,v-fin,0
657,que,conj-s,0
657,ser,v-inf,0
657,nova,adj,0
657,",",",",0
657,comprada,v-pcp,0
657,para,prp,0
657,eles,pron-pers,0
657,.,.,0
658,O,art,0
658,prestativo,n,0
658,e,conj-c,0
658,apaixonado,v-pcp,0
658,marido,n,0
658,",",",",0
658,diante,adv,0
658,da,v-fin,0
658,decepção,n,0
658,e,conj-c,0
658,sofrimento,n,0
658,da,v-fin,0
658,mulher,n,0
658,",",",",0
658,resolveu,v-fin,0
658,voltar,v-inf,0
658,à,adv,0
658,Paraíba,prop,0
658,.,.,0
659,As,prop,0
659,cartas,n,0
659,que,pron-indp,0
659,chegavam,v-fin,0
659,de,prp,0
659,Campina,n,0
659,Grande,adv,0
659,atestavam,v-fin,0
659,que,conj-s,0
659,o,art,0
659,seu,pron-det,0
659,Isidro,n,0
659,estava,v-fin,0
659,conseguindo,v-ger,0
659,trabalho,n,0
659,como,adv,0
659,mestrede-obras,n,0
659,e,conj-c,0
659,como,adv,0
659,Jotão,n,0
659,também,adv,0
659,tinha,v-fin,0
659,o,art,0
659,sonho,n,0
659,de,prp,0
659,ser,v-inf,0
659,pedreiro,adj,0
659,",",",",0
659,pensou,v-fin,0
659,que,conj-s,0
659,podia,v-fin,0
659,estar,v-inf,0
659,ali,adv,0
659,a,art,0
659,sua,pron-det,0
659,grande,adj,0
659,chance,n,0
659,.,.,0
660,Vejam,v-fin,0
660,só,adv,0
660,",",",",0
660,meus,pron-det,0
660,camaradas,n,0
660,",",",",0
660,mais,adv,0
660,um,num,0
660,exemplo,n,0
660,para,prp,0
660,clarear,v-inf,0
660,a,art,0
660,imbricação,n,0
660,que,pron-indp,0
660,o,art,0
660,subjetivo,n,0
660,tem,v-fin,0
660,com,prp,0
660,o,art,0
660,objetivo,n,0
660,.,.,0
661,O,art,0
661,cara,n,0
661,não,adv,0
661,sonhava,v-fin,0
661,em,prp,0
661,ser,v-inf,0
661,engenheiro,adj,0
661,",",",",0
661,empresário,n,0
661,",",",",0
661,dançarino,n,0
661,ou,conj-c,0
661,violoncelista,n,0
661,.,.,0
662,Ele,prop,0
662,sonhava,v-fin,0
662,em,prp,0
662,ser,v-inf,0
662,pedreiro,adj,0
662,",",",",0
662,fazer,v-inf,0
662,reformas,n,0
662,em,prp,0
662,prédios,n,0
662,",",",",0
662,levantar,v-inf,0
662,paredes,n,0
662,",",",",0
662,construir,v-inf,0
662,casas,n,0
662,.,.,0
663,Lindo,v-ger,0
663,o,art,0
663,sonho,n,0
663,de,prp,0
663,meu,pron-det,0
663,tio,n,0
663,",",",",0
663,não,adv,0
663,é,v-fin,0
663,?,?,0
664,Para,v-fin,0
664,uma,art,0
664,pessoa,n,0
664,que,pron-indp,0
664,iria,v-fin,0
664,criar,v-inf,0
664,a,art,0
664,família,n,0
664,como,adv,0
664,limpador,n,0
664,do,v-fin,0
664,lixo,n,0
664,da,adj,0
664,classe,v-fin,0
664,média,n,0
664,suburbana,adj,0
664,carioca,adj,0
664,",",",",0
664,ser,v-inf,0
664,um,art,0
664,construtor,n,0
664,estava,v-fin,0
664,mais,adv,0
664,que,adv,0
664,ótimo,adj,0
664,.,.,0
665,Aﬁ,n,0
665,nal,adj,0
665,",",",",0
665,para,prp,0
665,que,conj-s,0
665,a,art,0
665,classe,n,0
665,média,adj,0
665,possa,v-fin,0
665,sonhar,v-inf,0
665,em,prp,0
665,suas,pron-det,0
665,subjetividades,n,0
665,objetivadas,v-pcp,0
665,com,prp,0
665,viagens,n,0
665,ao,prp,0
665,exterior,n,0
665,",",",",0
665,é,v-fin,0
665,preciso,adj,0
665,que,conj-s,0
665,pobres,adj,0
665,migrantes,adj,0
665,sonhem,v-fin,0
665,em,prp,0
665,deixar,v-inf,0
665,de,prp,0
665,ser,v-inf,0
665,vigilantes,adj,0
665,passando,v-ger,0
665,a,prp,0
665,quebrar,v-inf,0
665,paredes.A,adj,0
665,notícia,n,0
665,do,v-fin,0
665,Norte,n,0
665,e,conj-c,0
665,a,art,0
665,situação,n,0
665,em,prp,0
665,que,pron-indp,0
665,eles,pron-pers,0
665,se,pron-pers,0
665,encontravam,v-fin,0
665,",",",",0
665,encheu,v-fin,0
665,o,art,0
665,imaginário,n,0
665,do,v-fin,0
665,recém-casal,n,0
665,",",",",0
665,que,pron-indp,0
665,prontamente,adv,0
665,voltou,v-fin,0
665,à,adv,0
665,sua,pron-det,0
665,terra,n,0
665,natal,adj,0
665,cheio,adj,0
665,de,prp,0
665,expectativas,n,0
665,.,.,0
666,Por,prop,0
666,mais,adv,0
666,que,conj-s,0
666,pareça,v-fin,0
666,cruel,n,0
666,à,adv,0
666,memória,adj,0
666,do,v-fin,0
666,meu,pron-det,0
666,grande,adj,0
666,avô,n,0
666,",",",",0
666,o,art,0
666,seu,pron-det,0
666,Isidro,n,0
666,nunca,adv,0
666,conseguiu,v-fin,0
666,ser,v-inf,0
666,realmente,adv,0
666,um,art,0
666,mestrede-obras,n,0
666,.,.,0
667,A,art,0
667,casa,n,0
667,em,prp,0
667,que,pron-indp,0
667,fui,v-fin,0
667,criado,v-pcp,0
667,",",",",0
667,por,prp,0
667,exemplo,n,0
667,",",",",0
667,concebida,v-pcp,0
667,e,conj-c,0
667,construída,v-pcp,0
667,por,prp,0
667,ele,pron-pers,0
667,",",",",0
667,era,v-fin,0
667,cheia,adj,0
667,de,prp,0
667,imperfeições,n,0
667,e,conj-c,0
667,os,art,0
667,defeitos,n,0
667,que,pron-indp,0
667,essa,pron-det,0
667,ediﬁ,v-fin,0
667,cação,n,0
667,possuía,adj,0
667,não,adv,0
667,foram,v-fin,0
667,consequência,n,0
667,somente,adj,0
667,da,v-fin,0
667,falta,n,0
667,de,prp,0
667,recursos,n,0
667,materiais,adj,0
667,para,prp,0
667,sua,pron-det,0
667,construção,n,0
667,",",",",0
667,tinham,v-fin,0
667,origem,n,0
667,também,adv,0
667,na,v-fin,0
667,concepção,n,0
667,e,conj-c,0
667,execução,n,0
667,da,v-fin,0
667,obra,n,0
667,.,.,0
668,Portanto,adv,0
668,",",",",0
668,quando,adv,0
668,o,art,0
668,casal,n,0
668,Pilá,prop,0
668,e,conj-c,0
668,Jotão,prop,0
668,chegou,v-fin,0
668,à,adj,0
668,cidade,n,0
668,situada,v-pcp,0
668,na,adv,0
668,Serra,prop,0
668,da,v-fin,0
668,Borborema,n,0
668,",",",",0
668,não,adv,0
668,conseguiu,v-fin,0
668,conﬁ,v-inf,0
668,rmar,v-inf,0
668,a,art,0
668,notícia,n,0
668,positiva,adj,0
668,de,prp,0
668,que,conj-s,0
668,seu,pron-det,0
668,Isidro,n,0
668,era,v-fin,0
668,mestre-de-obras.Creio,adj,0
668,eu,pron-pers,0
668,",",",",0
668,que,conj-s,0
668,a,art,0
668,minha,pron-det,0
668,visão,n,0
668,quanto,pron-det,0
668,ao,prp,0
668,poder,v-inf,0
668,proﬁ,adj,0
668,ssional,adj,0
668,de,prp,0
668,construtor,n,0
668,de,prp,0
668,meu,pron-det,0
668,avô,n,0
668,deve,v-fin,0
668,gerar,v-inf,0
668,polêmica,adj,0
668,no,adv,0
668,interior,n,0
668,da,adj,0
668,família,n,0
668,.,.,0
669,O,art,0
669,Tio,n,0
669,Mandu,prop,0
669,",",",",0
669,seu,pron-det,0
669,ﬁ,n,0
669,lho,prop,0
669,",",",",0
669,defende,v-fin,0
669,com,prp,0
669,unhas,prop,0
669,e,conj-c,0
669,dentes,n,0
669,que,pron-indp,0
669,o,art,0
669,grande,adj,0
669,Isidro,prop,0
669,se,pron-pers,0
669,garantia,v-fin,0
669,.,.,0
670,De,prop,0
670,certa,pron-det,0
670,forma,n,0
670,",",",",0
670,fui,v-fin,0
670,criado,v-pcp,0
670,para,prp,0
670,acreditar,v-inf,0
670,nisso,n,0
670,também,adv,0
670,",",",",0
670,mas,conj-c,0
670,algumas,pron-det,0
670,verdades,n,0
670,se,pron-pers,0
670,diluem,v-fin,0
670,com,prp,0
670,o,art,0
670,tempo,n,0
670,e,conj-c,0
670,com,prp,0
670,o,art,0
670,conhecimento,n,0
670,",",",",0
670,não,adv,0
670,tendo,v-ger,0
670,sustentação,n,0
670,para,prp,0
670,sempre,adv,0
670,.,.,0
671,Hoje,prop,0
671,",",",",0
671,entendendo,v-ger,0
671,um,art,0
671,pouco,adv,0
671,o,pron-det,0
671,que,pron-indp,0
671,é,v-fin,0
671,um,art,0
671,processo,n,0
671,de,prp,0
671,construção,n,0
671,de,prp,0
671,uma,art,0
671,casa,n,0
671,",",",",0
671,não,adv,0
671,posso,v-fin,0
671,considerar,v-inf,0
671,que,conj-s,0
671,o,art,0
671,homem,n,0
671,",",",",0
671,que,pron-indp,0
671,me,pron-pers,0
671,criou,v-fin,0
671,com,prp,0
671,todo,pron-det,0
671,o,art,0
671,amor,n,0
671,que,pron-indp,0
671,possuía,prop,0
671,",",",",0
671,tenha,v-fin,0
671,sido,v-pcp,0
671,",",",",0
671,em,prp,0
671,algum,pron-det,0
671,momento,n,0
671,",",",",0
671,um,art,0
671,mestre-de-obras,n,0
671,.,.,0
672,Entretanto,n,0
672,",",",",0
672,esse,pron-det,0
672,fato,n,0
672,não,adv,0
672,diminui,v-fin,0
672,em,prp,0
672,nada,pron-indp,0
672,o,art,0
672,valor,n,0
672,que,pron-indp,0
672,aquele,pron-det,0
672,negrão,prop,0
672,tem,v-fin,0
672,em,prp,0
672,minha,pron-det,0
672,vida,n,0
672,.,.,0
673,Não,prop,0
673,bastando,v-ger,0
673,o,art,0
673,fato,n,0
673,de,prp,0
673,ele,pron-pers,0
673,ter,v-inf,0
673,sido,v-pcp,0
673,o,art,0
673,meu,pron-det,0
673,pai,n,0
673,de,prp,0
673,fato,n,0
673,",",",",0
673,devo,v-fin,0
673,a,prp,0
673,seu,pron-det,0
673,Isidro,n,0
673,a,art,0
673,maravilhosa,adj,0
673,descoberta,n,0
673,da,adj,0
673,música,n,0
673,de,prp,0
673,Jackson,prop,0
673,do,v-fin,0
673,Pandeiro,n,0
673,",",",",0
673,entre,prp,0
673,inúmeros,adj,0
673,outros,pron-det,0
673,encontros,n,0
673,comigo,v-fin,0
673,mesmo.Tio,n,0
673,Jotão,adj,0
673,",",",",0
673,vendo,v-ger,0
673,desfeita,n,0
673,sua,pron-det,0
673,expectativa,n,0
673,de,prp,0
673,ser,v-inf,0
673,pedreiro,adj,0
673,no,adv,0
673,Norte,prop,0
673,",",",",0
673,partiu,v-fin,0
673,para,prp,0
673,o,art,0
673,Rio,prop,0
673,novamente,adv,0
673,",",",",0
673,deixando,v-ger,0
673,a,art,0
673,jovem,adj,0
673,e,conj-c,0
673,viçosa,adj,0
673,esposa,adj,0
673,na,n,0
673,casa,n,0
673,dos,v-pcp,0
673,pais,n,0
673,.,.,0
674,Aquele,prop,0
674,homem,n,0
674,tinha,v-fin,0
674,que,conj-s,0
674,realizar,v-inf,0
674,seu,pron-det,0
674,sonho,n,0
674,e,conj-c,0
674,",",",",0
674,assim,adv,0
674,",",",",0
674,o,art,0
674,cabra,n,0
674,fez,v-fin,0
674,.,.,0
675,Começou,v-fin,0
675,a,prp,0
675,trabalhar,v-inf,0
675,como,adv,0
675,pedreiro,n,0
675,",",",",0
675,alugou,v-fin,0
675,um,art,0
675,pequeno,adj,0
675,cômodo,n,0
675,e,conj-c,0
675,mandou,v-fin,0
675,buscar,v-inf,0
675,a,art,0
675,linda,n,0
675,mulher,n,0
675,.,.,0
676,No,v-fin,0
676,trabalho,n,0
676,de,prp,0
676,obra,n,0
676,",",",",0
676,Jotão,adv,0
676,conheceu,v-fin,0
676,um,art,0
676,engenheiro,n,0
676,e,conj-c,0
676,um,art,0
676,corretor,n,0
676,de,prp,0
676,imóveis,n,0
676,que,pron-indp,0
676,loteavam,v-fin,0
676,e,conj-c,0
676,vendiam,v-fin,0
676,terrenos,n,0
676,",",",",0
676,segundo,prp,0
676,eles,pron-pers,0
676,",",",",0
676,com,prp,0
676,ônibus,n,0
676,na,adj,0
676,porta,n,0
676,",",",",0
676,água,n,0
676,encanada,v-pcp,0
676,",",",",0
676,luz,n,0
676,elétrica,adj,0
676,",",",",0
676,completa,v-fin,0
676,infra-estrutura,n,0
676,para,prp,0
676,construção,n,0
676,",",",",0
676,portanto,adv,0
676,",",",",0
676,ótimo,adj,0
676,para,prp,0
676,morar,v-inf,0
676,com,prp,0
676,a,art,0
676,família,n,0
676,.,.,0
677,Os,art,0
677,exitosos,n,0
677,vendedores,adj,0
677,",",",",0
677,que,pron-indp,0
677,só,adv,0
677,pisavam,v-fin,0
677,no,n,0
677,Noia,adj,0
677,de,prp,0
677,vez,n,0
677,em,prp,0
677,quando,adv,0
677,",",",",0
677,muito,adv,0
677,de,prp,0
677,vez,n,0
677,em,prp,0
677,quando,adv,0
677,mesmo,adv,0
677,",",",",0
677,certamente,adv,0
677,",",",",0
677,jamais,adv,0
677,iriam,v-fin,0
677,ﬁ,n,0
677,xar,adj,0
677,residência,v-fin,0
677,lá,adv,0
677,.,.,0
678,Mas,v-fin,0
678,o,art,0
678,apaixonado,n,0
678,retirante,adv,0
678,não,adv,0
678,podia,v-fin,0
678,deixar,v-inf,0
678,de,prp,0
678,comprar,v-inf,0
678,a,art,0
678,casa,n,0
678,própria,adj,0
678,que,pron-indp,0
678,tanto,adv,0
678,povoava,v-fin,0
678,o,art,0
678,imaginário,n,0
678,de,prp,0
678,sua,pron-det,0
678,jovem,adj,0
678,e,conj-c,0
678,bela,prop,0
678,esposa.Os,v-fin,0
678,dois,num,0
678,paraibanos,n,0
678,foram,v-fin,0
678,olhar,v-inf,0
678,o,art,0
678,terreno,n,0
678,em,prp,0
678,um,art,0
678,domingo,n,0
678,quente,adj,0
678,e,conj-c,0
678,ensolarado,v-pcp,0
678,do,prop,0
678,verão,v-fin,0
678,carioca,adj,0
678,e,conj-c,0
678,",",",",0
678,aí,adv,0
678,",",",",0
678,conﬁ,prop,0
678,rmaram,v-fin,0
678,:,n,0
678,nada,pron-indp,0
678,de,prp,0
678,luz,n,0
678,elétrica,adj,0
678,",",",",0
678,o,art,0
678,ônibus,n,0
678,passava,v-fin,0
678,",",",",0
678,sim,adv,0
678,",",",",0
678,mas,conj-c,0
678,na,adv,0
678,porta,n,0
678,do,pp,0
678,português,adj,0
678,da,n,0
678,padaria,adj,0
678,",",",",0
678,que,pron-indp,0
678,ﬁ,prop,0
678,cava,v-fin,0
678,a,prp,0
678,uns,pron-det,0
678,duzentos,n,0
678,metros,adj,0
678,do,v-fin,0
678,lote,n,0
678,oferecido,v-pcp,0
678,para,prp,0
678,o,art,0
678,casal,n,0
678,",",",",0
678,água,n,0
678,encanada,v-pcp,0
678,",",",",0
678,nem,conj-c,0
678,a,pron-det,0
678,de,prp,0
678,poço,n,0
678,prestava,v-fin,0
678,;,;,0
678,infra-estrutura,n,0
678,para,prp,0
678,construção,n,0
678,?,?,0
679,Sim,prop,0
679,",",",",0
679,de,prp,0
679,certo,pron-det,0
679,que,pron-indp,0
679,os,art,0
679,empresários,n,0
679,passaram,v-fin,0
679,trator,n,0
679,",",",",0
679,capinaram,v-fin,0
679,as,art,0
679,ruas,n,0
679,e,conj-c,0
679,aterraram,v-fin,0
679,os,art,0
679,buracos,n,0
679,",",",",0
679,pelo,adv,0
679,menos,adv,0
679,isso,pron-indp,0
679,",",",",0
679,não,adv,0
679,é,v-fin,0
679,?,?,0
680,Que,adv,0
680,nada,pron-indp,0
680,!,!,0
681,Se,conj-s,0
681,os,art,0
681,espertos,n,0
681,construtores,adj,0
681,não,adv,0
681,ﬁ,v-fin,0
681,zessem,v-fin,0
681,isso,pron-indp,0
681,não,adv,0
681,vendiam,v-fin,0
681,a,art,0
681,porcaria,n,0
681,do,adj,0
681,terreno,n,0
681,para,prp,0
681,ninguém.Pronto,n,0
681,",",",",0
681,assim,adv,0
681,minha,pron-det,0
681,família,n,0
681,foi,v-fin,0
681,parar,v-inf,0
681,no,adv,0
681,Jardim,n,0
681,Noia,adj,0
681,",",",",0
681,mas,conj-c,0
681,",",",",0
681,e,conj-c,0
681,a,art,0
681,casa,n,0
681,",",",",0
681,como,adv,0
681,se,pron-pers,0
681,deu,v-fin,0
681,a,art,0
681,construção,n,0
681,do,adj,0
681,tão,adv,0
681,sonhado,v-pcp,0
681,lar,adj,0
681,?,?,0
682,Para,v-fin,0
682,começar,v-inf,0
682,",",",",0
682,o,art,0
682,sabido,n,0
682,do,v-fin,0
682,Tio,n,0
682,Jotão,adv,0
682,comprou,v-fin,0
682,um,art,0
682,terreno,n,0
682,:,adj,0
682,lote,n,0
682,vinte,adj,0
682,e,conj-c,0
682,quatro,num,0
682,",",",",0
682,quadra,v-fin,0
682,seis,num,0
682,",",",",0
682,que,pron-indp,0
682,já,adv,0
682,tinha,v-fin,0
682,em,prp,0
682,seu,pron-det,0
682,interior,n,0
682,um,art,0
682,quarto,adj,0
682,levantado,n,0
682,",",",",0
682,com,prp,0
682,piso,n,0
682,",",",",0
682,banheiro,n,0
682,e,conj-c,0
682,coberto,n,0
682,com,prp,0
682,laje,n,0
682,.,.,0
683,Faltavam,v-fin,0
683,apenas,adv,0
683,alguns,pron-det,0
683,retoques,n,0
683,e,conj-c,0
683,o,art,0
683,reboco,n,0
683,.,.,0
684,Isso,prop,0
684,era,v-fin,0
684,moleza,n,0
684,para,prp,0
684,ele,pron-pers,0
684,",",",",0
684,um,art,0
684,camarada,n,0
684,que,pron-indp,0
684,fora,v-fin,0
684,criado,v-pcp,0
684,tomando,v-ger,0
684,leite,n,0
684,de,prp,0
684,cabra,prop,0
684,",",",",0
684,um,art,0
684,cabra,n,0
684,trabalhador,adj,0
684,como,adv,0
684,ele,pron-pers,0
684,",",",",0
684,acostumado,v-pcp,0
684,a,prp,0
684,amansar,v-inf,0
684,jumento,n,0
684,brabo,adj,0
684,no,prp,0
684,Norte,prop,0
684,",",",",0
684,isso,pron-indp,0
684,era,v-fin,0
684,ﬁ,adj,0
684,chinha,n,0
684,.,.,0
685,O,art,0
685,fato,n,0
685,real,adj,0
685,é,v-fin,0
685,que,conj-s,0
685,Jotão,adv,0
685,trabalhava,v-fin,0
685,para,prp,0
685,um,art,0
685,dos,n,0
685,dois,num,0
685,empreendedores,n,0
685,do,adj,0
685,loteamento,adj,0
685,",",",",0
685,de,prp,0
685,segunda,n,0
685,a,prp,0
685,sábado,n,0
685,",",",",0
685,como,adv,0
685,fazer,v-inf,0
685,então,adv,0
685,?,?,0
686,A,art,0
686,saída,n,0
686,mágica,prop,0
686,era,v-fin,0
686,fazer,v-inf,0
686,o,pron-det,0
686,que,pron-indp,0
686,faltava,v-fin,0
686,no,adv,0
686,único,adj,0
686,dia,n,0
686,livre,adj,0
686,da,adj,0
686,semana,n,0
686,que,pron-indp,0
686,ele,pron-pers,0
686,tinha,v-fin,0
686,:,v-fin,0
686,o,art,0
686,domingo,n,0
686,.,.,0
687,E,prop,0
687,já,adv,0
687,",",",",0
687,no,adv,0
687,domingo,n,0
687,seguinte,adj,0
687,",",",",0
687,os,art,0
687,dois,num,0
687,estavam,v-fin,0
687,lá,adv,0
687,",",",",0
687,aguardando,v-ger,0
687,a,art,0
687,chegada,n,0
687,do,adj,0
687,material,adj,0
687,de,prp,0
687,construção,n,0
687,",",",",0
687,que,pron-indp,0
687,somente,adv,0
687,chegou,v-fin,0
687,próximo,adj,0
687,das,v-pcp,0
687,quatro,num,0
687,horas,n,0
687,da,adj,0
687,tarde,adv,0
687,.,.,0
688,Chegado,v-pcp,0
688,o,art,0
688,cimento,n,0
688,",",",",0
688,a,art,0
688,areia,n,0
688,e,conj-c,0
688,a,art,0
688,terra,n,0
688,de,prp,0
688,rebocar,v-inf,0
688,",",",",0
688,o,art,0
688,manso,n,0
688,do,v-fin,0
688,meu,pron-det,0
688,tio,n,0
688,começou,v-fin,0
688,a,prp,0
688,trabalhar,v-inf,0
688,",",",",0
688,já,adv,0
688,eram,v-fin,0
688,quase,adv,0
688,quatro,num,0
688,horas,n,0
688,da,adj,0
688,tarde,adv,0
688,quando,adv,0
688,fez,v-fin,0
688,o,art,0
688,primeiro,adj,0
688,traço,n,0
688,de,prp,0
688,massa,n,0
688,",",",",0
688,raspou,v-fin,0
688,a,art,0
688,parede,n,0
688,e,conj-c,0
688,",",",",0
688,literalmente,adv,0
688,",",",",0
688,pôs,v-fin,0
688,mãos,n,0
688,à,adv,0
688,obra,n,0
688,.,.,0
689,No,n,0
689,primeiro,adj,0
689,traço,n,0
689,de,prp,0
689,massa,n,0
689,",",",",0
689,tudo,pron-indp,0
689,bem,adv,0
689,",",",",0
689,mas,conj-c,0
689,",",",",0
689,no,adv,0
689,segundo,adj,0
689,",",",",0
689,não,adv,0
689,havia,v-fin,0
689,mais,pron-det,0
689,iluminação,n,0
689,suﬁ,v-fin,0
689,ciente,adv,0
689,no,adj,0
689,interior,n,0
689,do,adj,0
689,barraco,adj,0
689,.,.,0
690,Desse,v-fin,0
690,modo,n,0
690,",",",",0
690,o,art,0
690,sábio,n,0
690,do,adj,0
690,paraibano,adj,0
690,solicitou,v-fin,0
690,ajuda,n,0
690,de,prp,0
690,sua,pron-det,0
690,ﬁ,n,0
690,el,adj,0
690,esposa,adj,0
690,",",",",0
690,que,pron-indp,0
690,pegasse,v-fin,0
690,jornais,prop,0
690,e,conj-c,0
690,ateasse,v-fin,0
690,fogo,n,0
690,para,prp,0
690,iluminar,v-inf,0
690,.,.,0
691,Assim,adv,0
691,fez,v-fin,0
691,a,art,0
691,obediente,n,0
691,mulher,n,0
691,.,.,0
692,Com,prop,0
692,mais,adv,0
692,dois,num,0
692,domingos,n,0
692,de,prp,0
692,aconchegado,n,0
692,trabalho,n,0
692,",",",",0
692,os,art,0
692,dois,num,0
692,mudaram-se,n,0
692,para,prp,0
692,o,art,0
692,tão,adv,0
692,sonhado,v-pcp,0
692,lar,adj,0
692,",",",",0
692,e,conj-c,0
692,moraram,v-fin,0
692,no,pron-pers,0
692,Noia,n,0
692,durante,prp,0
692,vinte,n,0
692,e,conj-c,0
692,dois,num,0
692,anos.Nesse,n,0
692,intervalo,adj,0
692,",",",",0
692,dona,v-fin,0
692,Maria,adj,0
692,Janaína,adj,0
692,",",",",0
692,isso,pron-indp,0
692,mesmo,adv,0
692,",",",",0
692,minha,pron-det,0
692,mãe,n,0
692,",",",",0
692,também,adv,0
692,foi,v-fin,0
692,para,prp,0
692,o,art,0
692,Rio,prop,0
692,de,prp,0
692,Janeiro,prop,0
692,.,.,0
693,A,art,0
693,amizade,n,0
693,de,prp,0
693,sua,pron-det,0
693,irmã,n,0
693,mais,adv,0
693,velha,adj,0
693,",",",",0
693,agora,adv,0
693,presente,adj,0
693,",",",",0
693,acalmou,v-fin,0
693,um,art,0
693,pouco,pron-det,0
693,as,art,0
693,angustias,n,0
693,de,prp,0
693,Pilá,prop,0
693,.,.,0
694,Com,prop,0
694,pouco,pron-det,0
694,tempo,n,0
694,",",",",0
694,Janaína,n,0
694,retorna,adj,0
694,à,adv,0
694,Paraíba,prop,0
694,",",",",0
694,dessa,v-fin,0
694,vez,n,0
694,",",",",0
694,levando,v-ger,0
694,a,art,0
694,tiracolo,n,0
694,o,art,0
694,futuro,n,0
694,pai,n,0
694,de,prp,0
694,seu,pron-det,0
694,ﬁ,n,0
694,lho,n,0
694,mais,adv,0
694,novo,adj,0
694,.,.,0
695,A,art,0
695,moça,n,0
695,e,conj-c,0
695,seu,pron-det,0
695,namorado,n,0
695,convencem,v-fin,0
695,o,art,0
695,adolescente,n,0
695,Mandu,adj,0
695,que,pron-indp,0
695,",",",",0
695,numa,art,0
695,cidade,n,0
695,como,adv,0
695,o,art,0
695,Rio,prop,0
695,",",",",0
695,ele,pron-pers,0
695,teria,v-fin,0
695,mais,pron-det,0
695,chances,n,0
695,de,prp,0
695,subir,v-inf,0
695,na,adv,0
695,vida,n,0
695,.,.,0
696,O,art,0
696,único,adj,0
696,ﬁ,n,0
696,lho,adj,0
696,homem,n,0
696,do,v-fin,0
696,casal,n,0
696,Isidro,adj,0
696,e,conj-c,0
696,Cassiana,adj,0
696,arruma,v-fin,0
696,as,art,0
696,malas,n,0
696,e,conj-c,0
696,vai,v-fin,0
696,arriscar,v-inf,0
696,os,art,0
696,seus,pron-det,0
696,dotes,n,0
696,de,prp,0
696,reparador,n,0
696,de,prp,0
696,equipamentos,n,0
696,eletrônicos,adj,0
696,",",",",0
696,como,adv,0
696,rádio,n,0
696,e,conj-c,0
696,televisão,n,0
696,",",",",0
696,na,v-fin,0
696,terra,n,0
696,do,v-fin,0
696,Flamengo.Quando,v-ger,0
696,o,art,0
696,casal,n,0
696,Tio,adj,0
696,Jotão,prop,0
696,e,conj-c,0
696,Pilá,v-fin,0
696,se,pron-pers,0
696,estabeleceu,v-fin,0
696,no,adv,0
696,Noia,prop,0
696,",",",",0
696,logo,adv,0
696,minha,pron-det,0
696,mãe,n,0
696,se,pron-pers,0
696,interessou,v-fin,0
696,em,prp,0
696,comprar,v-inf,0
696,um,art,0
696,terreno,n,0
696,lá,adv,0
696,para,prp,0
696,transferir,v-inf,0
696,seus,pron-det,0
696,pais,n,0
696,",",",",0
696,irmãs,prop,0
696,e,conj-c,0
696,ﬁ,prop,0
696,lhos,prop,0
696,",",",",0
696,que,pron-indp,0
696,ainda,adv,0
696,estavam,v-fin,0
696,na,pron-pers,0
696,Paraíba,n,0
696,.,.,0
697,Uma,num,0
697,das,n,0
697,irmãs,adj,0
697,de,prp,0
697,Tio,n,0
697,Jotão,adv,0
697,havia,v-fin,0
697,comprado,v-pcp,0
697,um,art,0
697,terreno,n,0
697,em,prp,0
697,frente,n,0
697,ao,prp,0
697,seu,pron-det,0
697,e,conj-c,0
697,",",",",0
697,inclusive,adv,0
697,",",",",0
697,iniciou,v-fin,0
697,a,art,0
697,construção,n,0
697,de,prp,0
697,uma,art,0
697,pequena,adj,0
697,casa,n,0
697,.,.,0
698,Foi,adv,0
698,precisamente,adv,0
698,deste,v-fin,0
698,terreno,n,0
698,",",",",0
698,o,art,0
698,mesmo,pron-det,0
698,que,conj-s,0
698,tinha,v-fin,0
698,uma,art,0
698,tangerineira,n,0
698,improdutiva,adj,0
698,na,adj,0
698,frente,n,0
698,",",",",0
698,que,pron-indp,0
698,minha,pron-det,0
698,mãe,n,0
698,se,pron-pers,0
698,fez,v-fin,0
698,proprietária,n,0
698,e,conj-c,0
698,",",",",0
698,feliz,adj,0
698,da,n,0
698,vida,n,0
698,",",",",0
698,organizou,v-fin,0
698,a,art,0
698,mudança,n,0
698,de,prp,0
698,sua,pron-det,0
698,família,n,0
698,da,v-fin,0
698,Paraíba,prop,0
698,para,prp,0
698,o,art,0
698,Rio,prop,0
698,de,prp,0
698,Janeiro.ENTRE,prop,0
698,O,conj-c,0
698,NOIA,prop,0
698,E,v-fin,0
698,A,prp,0
698,NOIAHÁ,prop,0
698,OUTRA,adj,0
698,OPÇÃO,n,0
698,?,?,0
698,Assim,adv,0
698,",",",",0
698,chegamos,v-fin,0
698,ao,prp,0
698,Noia,prop,0
698,.,.,0
699,Uma,art,0
699,família,n,0
699,unida,v-pcp,0
699,em,prp,0
699,torno,n,0
699,da,adj,0
699,necessidade,n,0
699,imediata,adj,0
699,e,conj-c,0
699,objetiva,adj,0
699,da,adj,0
699,sobrevivência,n,0
699,.,.,0
700,Muitos,n,0
700,sonhos,adj,0
700,",",",",0
700,inúmeras,adj,0
700,diﬁ,v-fin,0
700,culdades,n,0
700,e,conj-c,0
700,várias,pron-det,0
700,possibilidades,n,0
700,.,.,0
701,Como,adv,0
701,já,adv,0
701,lhes,pron-pers,0
701,adiantei,v-fin,0
701,",",",",0
701,acredito,v-fin,0
701,na,prop,0
701,hipótese,n,0
701,da,adj,0
701,união,n,0
701,",",",",0
701,associada,v-pcp,0
701,à,adv,0
701,pedagogia,n,0
701,da,adj,0
701,tolerância,n,0
701,zero,num,0
701,",",",",0
701,como,adv,0
701,fatores,n,0
701,preponderantes,adj,0
701,em,prp,0
701,nossa,pron-det,0
701,condução,n,0
701,para,prp,0
701,uma,art,0
701,outra,pron-det,0
701,vida,n,0
701,",",",",0
701,diferente,adj,0
701,da,v-fin,0
701,que,conj-s,0
701,estávamos,v-fin,0
701,acostumados,v-pcp,0
701,a,prp,0
701,vivenciar,v-inf,0
701,nesse,n,0
701,bairro,n,0
701,.,.,0
702,Para,v-fin,0
702,as,art,0
702,pessoas,n,0
702,que,pron-indp,0
702,nos,pron-pers,0
702,criaram,v-fin,0
702,",",",",0
702,qualquer,pron-det,0
702,coisa,n,0
702,que,pron-indp,0
702,se,pron-pers,0
702,distanciasse,v-fin,0
702,dos,v-pcp,0
702,padrões,n,0
702,familiares,adj,0
702,nordestinos,adj,0
702,de,prp,0
702,criação,n,0
702,era,v-fin,0
702,lance,n,0
702,de,prp,0
702,marginal,prop,0
702,.,.,0
703,Assim,adv,0
703,sendo,v-ger,0
703,",",",",0
703,episódios,adv,0
703,corriqueiros,n,0
703,como,adv,0
703,",",",",0
703,por,prp,0
703,exemplo,n,0
703,",",",",0
703,jogar,v-inf,0
703,capoeira,prop,0
703,ou,conj-c,0
703,futebol,n,0
703,era,v-fin,0
703,encarado,v-pcp,0
703,como,adv,0
703,casos,n,0
703,impróprios,adj,0
703,para,prp,0
703,nós,pron-pers,0
703,.,.,0
704,Os,art,0
704,meninos,n,0
704,que,pron-indp,0
704,se,pron-pers,0
704,atrevessem,v-fin,0
704,a,prp,0
704,burlar,v-inf,0
704,a,art,0
704,regra,n,0
704,pagavam,v-fin,0
704,com,prp,0
704,os,art,0
704,castigos,n,0
704,nada,pron-indp,0
704,animadores,adj,0
704,",",",",0
704,praticados,v-pcp,0
704,por,prp,0
704,Tia,n,0
704,Pilá,adj,0
704,e,conj-c,0
704,vovó,adj,0
704,.,.,0
705,Esse,v-fin,0
705,fato,n,0
705,parece,v-fin,0
705,excessivamente,adv,0
705,moralista,adj,0
705,.,.,0
706,Como,adv,0
706,já,adv,0
706,lhes,pron-pers,0
706,disse,v-fin,0
706,",",",",0
706,não,adv,0
706,tenho,v-fin,0
706,certeza,n,0
706,de,prp,0
706,que,conj-s,0
706,esses,pron-det,0
706,tenham,v-fin,0
706,sido,v-pcp,0
706,os,art,0
706,motivos,n,0
706,pelos,adj,0
706,quais,adj,0
706,não,adv,0
706,caímos,v-fin,0
706,na,adj,0
706,marginalidade,n,0
706,.,.,0
707,De,prop,0
707,certo,adj,0
707,que,conj-s,0
707,a,art,0
707,minha,pron-det,0
707,colocação,n,0
707,é,v-fin,0
707,apenas,adv,0
707,uma,num,0
707,hipótese,n,0
707,.,.,0
708,Pode,prop,0
708,ter,v-inf,0
708,havido,v-pcp,0
708,outros,pron-det,0
708,motivos,n,0
708,",",",",0
708,entretanto,adv,0
708,",",",",0
708,são,v-fin,0
708,esses,pron-det,0
708,nos,pron-pers,0
708,quais,pron-det,0
708,mais,adv,0
708,acreditamos,v-fin,0
708,",",",",0
708,eu,pron-pers,0
708,e,conj-c,0
708,meus,v-fin,0
708,irmãos.Particularmente,adv,0
708,",",",",0
708,eu,pron-pers,0
708,acho,v-fin,0
708,que,conj-s,0
708,não,adv,0
708,conseguimos,v-fin,0
708,muito,adv,0
708,além,adv,0
708,do,v-fin,0
708,que,conj-s,0
708,conquistaram,v-fin,0
708,as,art,0
708,pessoas,n,0
708,que,pron-indp,0
708,nos,pron-pers,0
708,criaram,v-fin,0
708,.,.,0
709,Vejam,v-fin,0
709,só,adv,0
709,",",",",0
709,eles,pron-pers,0
709,saíram,v-fin,0
709,do,n,0
709,Nordeste,n,0
709,",",",",0
709,enfrentaram,v-fin,0
709,incomensuráveis,adj,0
709,diﬁ,v-fin,0
709,culdades,n,0
709,para,prp,0
709,nos,pron-pers,0
709,criar,v-inf,0
709,e,conj-c,0
709,lograram,v-fin,0
709,fazer,v-inf,0
709,com,prp,0
709,que,conj-s,0
709,os,art,0
709,ﬁ,n,0
709,lhos,adj,0
709,crescessem,v-fin,0
709,em,prp,0
709,um,art,0
709,meio,n,0
709,extremamente,adj,0
709,hostil,adj,0
709,sem,prp,0
709,se,pron-pers,0
709,contaminarem,v-inf,0
709,com,prp,0
709,a,art,0
709,criminalidade,n,0
709,.,.,0
710,Além,prop,0
710,disso,v-fin,0
710,",",",",0
710,possibilitaram,v-fin,0
710,condições,n,0
710,de,prp,0
710,educação,n,0
710,formal,adj,0
710,e,conj-c,0
710,familiar,adj,0
710,",",",",0
710,o,pron-det,0
710,que,pron-indp,0
710,contribuiu,v-fin,0
710,decisivamente,adv,0
710,para,prp,0
710,a,art,0
710,nossa,pron-det,0
710,saída,n,0
710,daquela,adj,0
710,realidade,n,0
710,tirana,adj,0
710,.,.,0
711,Nós,prop,0
711,",",",",0
711,os,art,0
711,ﬁ,n,0
711,lhos,adj,0
711,",",",",0
711,o,pron-det,0
711,que,pron-indp,0
711,conseguimos,v-fin,0
711,?,?,0
712,Quando,v-ger,0
712,me,pron-pers,0
712,pergunto,v-fin,0
712,isso,pron-indp,0
712,",",",",0
712,tento,adj,0
712,responder,v-inf,0
712,de,prp,0
712,maneira,n,0
712,que,pron-indp,0
712,atenue,v-fin,0
712,a,art,0
712,minha,pron-det,0
712,responsabilidade,n,0
712,sobre,prp,0
712,o,art,0
712,meu,pron-det,0
712,tempo,n,0
712,e,conj-c,0
712,meu,pron-det,0
712,espaço,n,0
712,.,.,0
713,Mas,prop,0
713,",",",",0
713,de,prp,0
713,fato,n,0
713,",",",",0
713,comparando-me,v-fin,0
713,à,pron-pers,0
713,minha,pron-det,0
713,mãe,n,0
713,",",",",0
713,meus,pron-det,0
713,tios,n,0
713,e,conj-c,0
713,meus,pron-det,0
713,avós,n,0
713,",",",",0
713,o,pron-det,0
713,que,pron-indp,0
713,ﬁ,v-fin,0
713,z,v-inf,0
713,na,adv,0
713,vida,n,0
713,é,v-fin,0
713,muito,adv,0
713,pouco,pron-det,0
713,diante,adv,0
713,das,v-pcp,0
713,possibilidades,n,0
713,educacionais,adj,0
713,e,conj-c,0
713,econômicas,adj,0
713,que,pron-indp,0
713,a,art,0
713,minha,pron-det,0
713,família,n,0
713,",",",",0
713,de,prp,0
713,certa,pron-det,0
713,forma,n,0
713,",",",",0
713,me,pron-pers,0
713,proporcionou,v-fin,0
713,.,.,0
714,E,prop,0
714,olha,v-fin,0
714,que,conj-s,0
714,acho,v-fin,0
714,que,conj-s,0
714,ﬁ,v-fin,0
714,z,n,0
714,muita,pron-det,0
714,coisa,n,0
714,na,adj,0
714,vida.Entretanto,n,0
714,",",",",0
714,o,pron-det,0
714,que,pron-indp,0
714,mais,adv,0
714,me,pron-pers,0
714,tira,v-fin,0
714,a,art,0
714,tranquilidade,n,0
714,quando,adv,0
714,penso,v-fin,0
714,nisso,n,0
714,é,v-fin,0
714,imaginar,v-inf,0
714,que,conj-s,0
714,eu,pron-pers,0
714,e,conj-c,0
714,meus,pron-det,0
714,irmãos,n,0
714,não,adv,0
714,temos,v-fin,0
714,nem,adv,0
714,um,art,0
714,só,adv,0
714,projeto,n,0
714,comum,adj,0
714,à,adv,0
714,família,n,0
714,.,.,0
715,Os,art,0
715,meninos,n,0
715,foram,v-fin,0
715,crescendo,v-ger,0
715,",",",",0
715,trabalhando,v-ger,0
715,",",",",0
715,casando,v-ger,0
715,e,conj-c,0
715,hoje,adv,0
715,cada,pron-det,0
715,um,art,0
715,tem,v-fin,0
715,a,art,0
715,sua,pron-det,0
715,família,n,0
715,.,.,0
716,Cada,v-pcp,0
716,família,n,0
716,em,prp,0
716,seu,pron-det,0
716,canto,n,0
716,",",",",0
716,em,prp,0
716,suas,pron-det,0
716,casas,n,0
716,próprias,adj,0
716,",",",",0
716,com,prp,0
716,seus,pron-det,0
716,próprios,adj,0
716,problemas,n,0
716,.,.,0
717,Repetindo,v-ger,0
717,a,art,0
717,máxima,n,0
717,usada,v-pcp,0
717,por,prp,0
717,um,art,0
717,radialista,n,0
717,de,prp,0
717,Fortaleza,n,0
717,chamado,v-pcp,0
717,Zé,prop,0
717,Ruﬁ,v-fin,0
717,no,prop,0
717,",",",",0
717,“,v-fin,0
717,o,art,0
717,seu,pron-det,0
717,problema,n,0
717,é,v-fin,0
717,problema,n,0
717,seu,pron-det,0
717,”,n,0
717,.,.,0
718,Eu,prop,0
718,",",",",0
718,nem,conj-c,0
718,isso,pron-indp,0
718,consegui,v-fin,0
718,",",",",0
718,pois,conj-s,0
718,ainda,adv,0
718,não,adv,0
718,encontrei,v-fin,0
718,a,art,0
718,maneira,n,0
718,correta,adj,0
718,de,prp,0
718,formar,v-inf,0
718,a,art,0
718,minha,pron-det,0
718,própria,adj,0
718,família,n,0
718,.,.,0
719,Às,prop,0
719,vezes,n,0
719,acho,v-fin,0
719,mesmo,adv,0
719,que,conj-s,0
719,a,art,0
719,semi-miséria,n,0
719,vivenciada,v-pcp,0
719,no,adv,0
719,Noia,v-fin,0
719,nos,pron-pers,0
719,unia,prop,0
719,",",",",0
719,e,conj-c,0
719,que,conj-s,0
719,",",",",0
719,portanto,adv,0
719,",",",",0
719,se,conj-s,0
719,hoje,adv,0
719,estivéssemos,v-fin,0
719,à,adv,0
719,beira,n,0
719,da,adj,0
719,miséria,adj,0
719,",",",",0
719,estaríamos,v-fin,0
719,todos,pron-det,0
719,unidos,v-pcp,0
719,e,conj-c,0
719,protegendo,v-ger,0
719,uns,pron-det,0
719,aos,n,0
719,outros,pron-det,0
719,.,.,0
720,Mas,prop,0
720,",",",",0
720,se,pron-pers,0
720,assim,adv,0
720,o,art,0
720,fosse,v-fin,0
720,",",",",0
720,seria,v-fin,0
720,uma,art,0
720,imensa,adj,0
720,contradição,n,0
720,",",",",0
720,não,adv,0
720,acham,v-fin,0
720,?,?,0
721,Sair,v-inf,0
721,da,v-fin,0
721,lama,prop,0
721,",",",",0
721,conseguir,v-inf,0
721,comer,prop,0
721,",",",",0
721,estudar,v-inf,0
721,",",",",0
721,ter,v-inf,0
721,emprego,n,0
721,e,conj-c,0
721,condições,n,0
721,razoavelmente,adj,0
721,compatíveis,adj,0
721,com,prp,0
721,a,art,0
721,dignidade,n,0
721,das,v-pcp,0
721,famílias,n,0
721,tidas,v-pcp,0
721,de,prp,0
721,classe,n,0
721,média,adj,0
721,é,v-fin,0
721,o,art,0
721,padrão,n,0
721,almejado,v-pcp,0
721,por,prp,0
721,quem,pron-indp,0
721,se,pron-pers,0
721,encontrava,v-fin,0
721,nas,adj,0
721,condições,n,0
721,em,prp,0
721,que,pron-indp,0
721,vivíamos,v-fin,0
721,.,.,0
722,Sendo,v-ger,0
722,assim,adv,0
722,",",",",0
722,já,adv,0
722,que,conj-s,0
722,atingimos,v-fin,0
722,esse,pron-det,0
722,tão,adv,0
722,desejado,v-pcp,0
722,padrão,prop,0
722,",",",",0
722,não,adv,0
722,deveríamos,v-fin,0
722,estar,v-inf,0
722,mais,adv,0
722,unidos,v-pcp,0
722,?,?,0
723,Negativo,adj,0
723,!,!,0
724,A,art,0
724,sociedade,n,0
724,capitalista,adj,0
724,é,v-fin,0
724,assim,adv,0
724,mesmo,adv,0
724,.,.,0
725,Cada,v-pcp,0
725,um,art,0
725,na,n,0
725,sua,pron-det,0
725,",",",",0
725,resolvendo,v-ger,0
725,seus,pron-det,0
725,problemas,n,0
725,de,prp,0
725,forma,n,0
725,individual,adj,0
725,.,.,0
726,Ninguém,prop,0
726,tem,v-fin,0
726,tempo,n,0
726,para,prp,0
726,mais,adv,0
726,nada,pron-indp,0
726,",",",",0
726,é,v-fin,0
726,uma,art,0
726,correria,n,0
726,só,adv,0
726,",",",",0
726,ou,conj-c,0
726,seja,v-fin,0
726,",",",",0
726,se,conj-s,0
726,todo,pron-det,0
726,mundo,n,0
726,está,v-fin,0
726,bem,adv,0
726,",",",",0
726,então,adv,0
726,ninguém,pron-indp,0
726,precisa,v-fin,0
726,de,prp,0
726,mim,pron-pers,0
726,",",",",0
726,logo,adv,0
726,tenho,v-fin,0
726,que,conj-s,0
726,me,pron-pers,0
726,preocupar,v-inf,0
726,com,prp,0
726,os,art,0
726,meus,pron-det,0
726,próprios,adj,0
726,problemas,n,0
726,.,.,0
727,E,prop,0
727,assim,adv,0
727,pensam,v-fin,0
727,pessoas,n,0
727,e,conj-c,0
727,famílias.Às,v-fin,0
727,vezes,n,0
727,penso,v-fin,0
727,que,conj-s,0
727,",",",",0
727,se,conj-s,0
727,existisse,v-fin,0
727,hoje,adv,0
727,entre,prp,0
727,nós,pron-pers,0
727,uma,art,0
727,pessoa,n,0
727,com,prp,0
727,o,art,0
727,carisma,prop,0
727,",",",",0
727,o,art,0
727,carinho,n,0
727,",",",",0
727,a,art,0
727,dedicação,n,0
727,e,conj-c,0
727,a,art,0
727,atenção,n,0
727,de,prp,0
727,dona,n,0
727,Cassiana,adj,0
727,",",",",0
727,que,pron-indp,0
727,virou,v-fin,0
727,estrela,n,0
727,há,v-fin,0
727,mais,pron-det,0
727,de,prp,0
727,vinte,num,0
727,anos,n,0
727,",",",",0
727,as,art,0
727,coisas,n,0
727,seriam,v-fin,0
727,diferentes,n,0
727,.,.,0
728,Estaríamos,v-fin,0
728,todos,pron-det,0
728,unidos,v-pcp,0
728,em,prp,0
728,torno,n,0
728,dessa,adj,0
728,pessoa,n,0
728,?,?,0
729,A,art,0
729,essa,pron-det,0
729,indagação,n,0
729,não,adv,0
729,tenho,v-fin,0
729,como,adv,0
729,responder,v-inf,0
729,",",",",0
729,o,art,0
729,máximo,n,0
729,que,pron-indp,0
729,posso,v-fin,0
729,fazer,v-inf,0
729,é,v-fin,0
729,torná-la,n,0
729,possível,adj,0
729,em,prp,0
729,minhas,pron-det,0
729,abstrações.Vou,n,0
729,ﬁ,v-fin,0
729,nalizar,v-inf,0
729,e,conj-c,0
729,não,adv,0
729,digo,v-fin,0
729,mais,adv,0
729,nada,pron-indp,0
729,.,.,0
730,Antes,n,0
730,",",",",0
730,porém,adv,0
730,",",",",0
730,peço-lhes,v-fin,0
730,agora,adv,0
730,que,conj-s,0
730,voltem,v-fin,0
730,seus,pron-det,0
730,olhares,n,0
730,para,prp,0
730,o,art,0
730,Noia,prop,0
730,.,.,0
731,Como,adv,0
731,vocês,n,0
731,já,adv,0
731,conhecem,v-fin,0
731,todos,pron-det,0
731,os,art,0
731,personagem,n,0
731,dessa,adj,0
731,história,n,0
731,e,conj-c,0
731,as,art,0
731,causas,n,0
731,que,pron-indp,0
731,levaram,v-fin,0
731,minha,pron-det,0
731,família,n,0
731,a,prp,0
731,aportar,v-inf,0
731,neste,n,0
731,bairro,n,0
731,",",",",0
731,posso,prop,0
731,",",",",0
731,então,adv,0
731,",",",",0
731,continuar,v-inf,0
731,a,prp,0
731,narrar,v-inf,0
731,os,art,0
731,motivos,n,0
731,que,pron-indp,0
731,",",",",0
731,a,art,0
731,meu,pron-det,0
731,modo,n,0
731,de,prp,0
731,sentir,v-inf,0
731,",",",",0
731,foram,v-fin,0
731,os,art,0
731,responsáveis,adj,0
731,por,prp,0
731,nos,pron-pers,0
731,tirar,v-inf,0
731,daquela,adj,0
731,realidade,n,0
731,.,.,0
732,De,prop,0
732,fato,n,0
732,",",",",0
732,como,adv,0
732,já,adv,0
732,lhes,pron-pers,0
732,adiantei,v-fin,0
732,",",",",0
732,acho,v-fin,0
732,que,conj-s,0
732,a,art,0
732,união,n,0
732,da,adj,0
732,família,n,0
732,",",",",0
732,associada,v-pcp,0
732,a,prp,0
732,certos,pron-det,0
732,valores,n,0
732,nordestinos,adj,0
732,",",",",0
732,nos,pron-pers,0
732,embalaram,v-fin,0
732,em,prp,0
732,uma,art,0
732,espécie,n,0
732,de,prp,0
732,nostalgia,n,0
732,da,adj,0
732,vida,n,0
732,que,pron-indp,0
732,nossos,pron-det,0
732,antepassados,n,0
732,viveram,v-fin,0
732,e,conj-c,0
732,",",",",0
732,portanto,adv,0
732,",",",",0
732,despertado,v-pcp,0
732,de,prp,0
732,maneira,n,0
732,",",",",0
732,até,prp,0
732,certo,pron-det,0
732,ponto,n,0
732,incipiente,adj,0
732,",",",",0
732,a,art,0
732,vontade,n,0
732,de,prp,0
732,querer,v-inf,0
732,voltar,v-inf,0
732,para,prp,0
732,o,art,0
732,Norte,prop,0
732,.,.,0
733,O,art,0
733,modo,n,0
733,como,adv,0
733,fomos,v-fin,0
733,criados,v-pcp,0
733,",",",",0
733,de,prp,0
733,forma,n,0
733,dura,adj,0
733,",",",",0
733,inclusive,adv,0
733,com,prp,0
733,alguma,pron-det,0
733,severidade,n,0
733,",",",",0
733,mas,conj-c,0
733,recheada,v-pcp,0
733,de,prp,0
733,afeto,n,0
733,e,conj-c,0
733,impregnada,n,0
733,de,prp,0
733,emoção,n,0
733,",",",",0
733,considerando,v-ger,0
733,sempre,adv,0
733,os,art,0
733,problemas,n,0
733,de,prp,0
733,cada,pron-det,0
733,um,num,0
733,como,adv,0
733,o,art,0
733,problema,n,0
733,da,adj,0
733,família,n,0
733,",",",",0
733,contribuiu,v-fin,0
733,de,prp,0
733,maneira,n,0
733,contundente,adj,0
733,para,prp,0
733,que,conj-s,0
733,nós,pron-pers,0
733,nos,pron-pers,0
733,motivássemos,v-fin,0
733,a,prp,0
733,sair,v-inf,0
733,do,adv,0
733,Noia.No,adj,0
733,entanto,n,0
733,",",",",0
733,temo,n,0
733,pelo,adj,0
733,futuro,adj,0
733,que,pron-indp,0
733,nos,pron-pers,0
733,espreita,v-fin,0
733,daqui,v-inf,0
733,para,prp,0
733,frente,n,0
733,",",",",0
733,principalmente,adv,0
733,",",",",0
733,quando,adv,0
733,imagino,v-fin,0
733,como,adv,0
733,será,v-fin,0
733,a,art,0
733,vida,n,0
733,de,prp,0
733,nossos,pron-det,0
733,ﬁ,n,0
733,lhos,prop,0
733,",",",",0
733,todos,pron-det,0
733,nascidos,v-pcp,0
733,fora,adv,0
733,do,prop,0
733,Jardim,v-fin,0
733,Noia,prop,0
733,.,.,0
734,Vejam,prop,0
734,",",",",0
734,meus,pron-det,0
734,atentos,n,0
734,ouvintes,adj,0
734,",",",",0
734,apesar,v-inf,0
734,de,prp,0
734,vivermos,n,0
734,em,prp,0
734,condições,n,0
734,materiais,adj,0
734,superiores,adj,0
734,a,prp,0
734,que,pron-indp,0
734,fomos,v-fin,0
734,criados,v-pcp,0
734,",",",",0
734,nossa,pron-det,0
734,paz,n,0
734,está,v-fin,0
734,dramaticamente,adv,0
734,conturbada,v-pcp,0
734,.,.,0
735,Diﬁ,v-fin,0
735,cilmente,adv,0
735,",",",",0
735,nossos,pron-det,0
735,ﬁ,n,0
735,lhos,n,0
735,poderão,v-fin,0
735,repetir,v-inf,0
735,a,art,0
735,união,n,0
735,que,pron-indp,0
735,conseguimos,v-fin,0
735,",",",",0
735,mesmo,adv,0
735,que,conj-s,0
735,já,adv,0
735,fragmentada,v-pcp,0
735,",",",",0
735,para,prp,0
735,conviver,v-inf,0
735,.,.,0
736,Nossas,pron-det,0
736,casas,n,0
736,de,prp,0
736,hoje,adv,0
736,",",",",0
736,com,prp,0
736,muros,n,0
736,altos,adj,0
736,",",",",0
736,com,prp,0
736,soﬁ,n,0
736,sticados,v-pcp,0
736,sistemas,n,0
736,de,prp,0
736,segurança,n,0
736,",",",",0
736,não,adv,0
736,possibilitam,v-fin,0
736,",",",",0
736,ao,prp,0
736,menos,pron-det,0
736,",",",",0
736,que,pron-indp,0
736,nossos,pron-det,0
736,ﬁ,v-fin,0
736,lhos,n,0
736,possam,v-fin,0
736,dar,v-inf,0
736,uma,art,0
736,volta,n,0
736,na,adj,0
736,esquina,n,0
736,sem,prp,0
736,que,conj-s,0
736,nos,pron-pers,0
736,preocupemos,v-fin,0
736,se,conj-s,0
736,alguém,pron-indp,0
736,vai,v-fin,0
736,aparecer,v-inf,0
736,para,prp,0
736,roubar-lhes,v-inf,0
736,os,art,0
736,tênis,n,0
736,.,.,0
737,Nossas,pron-det,0
737,casas,n,0
737,de,prp,0
737,hoje,adv,0
737,em,prp,0
737,condomínios,n,0
737,fechados,v-pcp,0
737,",",",",0
737,com,prp,0
737,fachadas,n,0
737,em,prp,0
737,granitos,n,0
737,",",",",0
737,com,prp,0
737,mais,pron-det,0
737,de,prp,0
737,um,art,0
737,banheiro,n,0
737,",",",",0
737,suíte,v-fin,0
737,com,prp,0
737,banheira,n,0
737,de,prp,0
737,hidromassagem,n,0
737,e,conj-c,0
737,closet,prop,0
737,não,adv,0
737,nos,pron-pers,0
737,garantem,v-fin,0
737,a,art,0
737,união,n,0
737,que,pron-indp,0
737,nos,pron-pers,0
737,manteve,v-fin,0
737,fortes,adj,0
737,e,conj-c,0
737,ﬁ,adj,0
737,rmes,n,0
737,",",",",0
737,acreditando,v-ger,0
737,em,prp,0
737,um,art,0
737,futuro,n,0
737,melhor,adj,0
737,.,.,0
738,Nossas,pron-det,0
738,casas,n,0
738,de,prp,0
738,hoje,adv,0
738,",",",",0
738,com,prp,0
738,televisão,n,0
738,a,prp,0
738,cabo,n,0
738,",",",",0
738,internet,prop,0
738,em,prp,0
738,banda,n,0
738,larga,adj,0
738,",",",",0
738,telefones,n,0
738,ﬁ,adj,0
738,xos,adj,0
738,e,conj-c,0
738,portáteis,adj,0
738,",",",",0
738,e,conj-c,0
738,com,prp,0
738,um,art,0
738,ou,conj-c,0
738,mais,adv,0
738,automóveis,adj,0
738,na,pron-pers,0
738,garagem,n,0
738,",",",",0
738,estão,v-fin,0
738,longe,adv,0
738,de,prp,0
738,assegurarem,v-inf,0
738,o,art,0
738,prazer,n,0
738,de,prp,0
738,um,art,0
738,lazer,n,0
738,despretensioso,adj,0
738,como,adv,0
738,era,v-fin,0
738,dançar,v-inf,0
738,sem,prp,0
738,segurança,n,0
738,nenhuma,pron-det,0
738,",",",",0
738,mas,conj-c,0
738,com,prp,0
738,muita,pron-det,0
738,tranquilidade,n,0
738,no,adj,0
738,samba,v-fin,0
738,do,adv,0
738,Sovaco,adj,0
738,da,adv,0
738,Minhoca,adj,0
738,.,.,0
739,Sou,v-fin,0
739,forçado,v-pcp,0
739,a,prp,0
739,dizer,v-inf,0
739,que,conj-s,0
739,",",",",0
739,tanto,adv,0
739,no,v-fin,0
739,Noia,adj,0
739,quanto,adv,0
739,em,prp,0
739,Lisboa,prop,0
739,",",",",0
739,Quebec,prop,0
739,ou,conj-c,0
739,Joanesburgo,prop,0
739,",",",",0
739,é,v-fin,0
739,provável,adj,0
739,que,conj-s,0
739,o,art,0
739,homem,n,0
739,seja,v-fin,0
739,sempre,adv,0
739,infeliz,adj,0
739,em,prp,0
739,busca,n,0
739,de,prp,0
739,fragmentos,n,0
739,de,prp,0
739,felicidade,n,0
739,.,.,0
740,Tenho,n,0
740,muitas,pron-det,0
740,dúvidas,n,0
740,se,pron-pers,0
740,posso,v-fin,0
740,ter,v-inf,0
740,paz,n,0
740,e,conj-c,0
740,",",",",0
740,consequentemente,adv,0
740,",",",",0
740,encontrar,v-inf,0
740,lampejos,n,0
740,de,prp,0
740,felicidade,n,0
740,sem,prp,0
740,minha,pron-det,0
740,família,n,0
740,ao,prp,0
740,meu,pron-det,0
740,redor,n,0
740,.,.,0
741,Não,v-fin,0
741,posso,v-fin,0
741,dizer,v-inf,0
741,que,conj-s,0
741,a,art,0
741,vida,n,0
741,na,adj,0
741,Baixada,v-pcp,0
741,Fluminense,adj,0
741,fosse,v-fin,0
741,uma,art,0
741,vida,n,0
741,boa,adj,0
741,",",",",0
741,o,pron-det,0
741,que,pron-indp,0
741,seria,v-fin,0
741,uma,art,0
741,incoerência,n,0
741,de,prp,0
741,minha,pron-det,0
741,parte,n,0
741,.,.,0
742,Parto,prop,0
742,do,v-fin,0
742,pressuposto,n,0
742,de,prp,0
742,que,conj-s,0
742,todos,pron-det,0
742,",",",",0
742,sem,prp,0
742,exceção,n,0
742,",",",",0
742,devem,v-fin,0
742,ter,v-inf,0
742,condições,n,0
742,condignas,adj,0
742,de,prp,0
742,vida,n,0
742,",",",",0
742,o,pron-det,0
742,que,pron-indp,0
742,é,v-fin,0
742,negado,v-pcp,0
742,tanto,adv,0
742,aos,v-fin,0
742,que,conj-s,0
742,moram,v-fin,0
742,no,v-inf,0
742,Noia,adv,0
742,como,adv,0
742,em,prp,0
742,inúmeras,adj,0
742,favelas,n,0
742,e,conj-c,0
742,em,prp,0
742,outros,pron-det,0
742,tipos,n,0
742,de,prp,0
742,comunidades,n,0
742,da,adj,0
742,periferia,v-fin,0
742,do,v-inf,0
742,mundo,n,0
742,tecnologizado,v-pcp,0
742,e,conj-c,0
742,dito,v-pcp,0
742,globalizado,v-pcp,0
742,.,.,0
743,A,art,0
743,grande,adj,0
743,questão,n,0
743,a,prp,0
743,ser,v-inf,0
743,levantada,v-pcp,0
743,",",",",0
743,portanto,adv,0
743,",",",",0
743,é,v-fin,0
743,que,conj-s,0
743,nem,conj-c,0
743,hoje,adv,0
743,",",",",0
743,na,v-fin,0
743,Fortaleza,n,0
743,moderna,adj,0
743,de,prp,0
743,classe,n,0
743,média,adj,0
743,",",",",0
743,nem,conj-c,0
743,na,v-fin,0
743,lama,n,0
743,do,adj,0
743,Noia,prop,0
743,",",",",0
743,posso,v-fin,0
743,dizer,v-inf,0
743,que,conj-s,0
743,vivo,v-fin,0
743,tranquilamente,adv,0
743,",",",",0
743,numa,art,0
743,boa,adj,0
743,.,.,0
744,Na,adv,0
744,Baixada,v-pcp,0
744,",",",",0
744,contraditoriamente,adv,0
744,",",",",0
744,o,art,0
744,nosso,pron-det,0
744,problema,n,0
744,não,adv,0
744,era,v-fin,0
744,a,art,0
744,violência,n,0
744,",",",",0
744,que,pron-indp,0
744,nos,pron-pers,0
744,assusta,v-fin,0
744,cotidianamente,adv,0
744,aqui,adv,0
744,",",",",0
744,em,prp,0
744,Fortaleza,n,0
744,.,.,0
745,Nossas,pron-det,0
745,maiores,adj,0
745,preocupações,n,0
745,eram,v-fin,0
745,com,prp,0
745,o,pron-det,0
745,que,pron-indp,0
745,comer,v-fin,0
745,",",",",0
745,com,prp,0
745,a,art,0
745,diﬁ,adj,0
745,culdade,n,0
745,de,prp,0
745,estudar,v-inf,0
745,",",",",0
745,com,prp,0
745,os,art,0
745,empregos,n,0
745,que,pron-indp,0
745,nos,pron-pers,0
745,restavam,v-fin,0
745,",",",",0
745,que,pron-indp,0
745,",",",",0
745,invariavelmente,adv,0
745,",",",",0
745,eram,v-fin,0
745,os,art,0
745,sobejos,n,0
745,dos,v-pcp,0
745,sulistas,adj,0
745,.,.,0
746,Preocupava-nos,n,0
746,muito,adv,0
746,mais,adv,0
746,que,conj-s,0
746,a,art,0
746,guerra,n,0
746,pelo,adj,0
746,tráﬁ,adj,0
746,co,prop,0
746,",",",",0
746,as,art,0
746,enchentes,n,0
746,que,pron-indp,0
746,",",",",0
746,quando,adv,0
746,vinham,v-fin,0
746,",",",",0
746,arrastavam,v-fin,0
746,tudo,pron-indp,0
746,e,conj-c,0
746,transformavam,v-fin,0
746,nossas,pron-det,0
746,casas,n,0
746,em,prp,0
746,um,art,0
746,chiqueiro,n,0
746,de,prp,0
746,porco,n,0
746,.,.,0
747,E,prop,0
747,por,prp,0
747,tudo,pron-indp,0
747,isso,pron-indp,0
747,me,pron-pers,0
747,questiono,v-fin,0
747,",",",",0
747,meus,pron-det,0
747,queridos,n,0
747,amigos,adj,0
747,",",",",0
747,e,conj-c,0
747,é,v-fin,0
747,apenas,adv,0
747,isso,pron-indp,0
747,que,pron-indp,0
747,por,prp,0
747,hora,n,0
747,posso,adj,0
747,fazer,v-inf,0
747,",",",",0
747,pois,conj-s,0
747,não,adv,0
747,tenho,v-fin,0
747,as,art,0
747,respostas,n,0
747,prontas,adj,0
747,",",",",0
747,como,adv,0
747,diz,v-fin,0
747,aquela,pron-det,0
747,música,n,0
747,cantada,v-pcp,0
747,pelo,adj,0
747,Rappa,adj,0
747,:,n,0
747,“,adj,0
747,Qual,adj,0
747,a,art,0
747,paz,n,0
747,que,pron-indp,0
747,eu,pron-pers,0
747,não,adv,0
747,quero,v-fin,0
747,conquistar,v-inf,0
747,pra,prp,0
747,tentar,v-inf,0
747,ser,v-inf,0
747,feliz,adj,0
747,?,?,0
747,”,prop,0
747,.,.,0
748,Tenham,v-fin,0
748,um,art,0
748,bom,adj,0
748,dia,n,0
748,!,!,0
748,Deri,prop,0
748,(,v-fin,0
748,José,prop,0
748,Deribaldo,v-fin,0
748,Gomes,n,0
748,dos,v-pcp,0
748,Santos,adj,0
748,),adj,0
748,",",",",0
748,nascido,v-pcp,0
748,em,prp,0
748,1964,num,0
748,",",",",0
748,traz,v-fin,0
748,em,prp,0
748,cada,pron-det,0
748,um,pron-det,0
748,de,prp,0
748,seus,pron-det,0
748,nomes,n,0
748,e,conj-c,0
748,na,n,0
748,data,v-fin,0
748,do,v-fin,0
748,seu,pron-det,0
748,nascimento,n,0
748,a,art,0
748,força,n,0
748,de,prp,0
748,uma,art,0
748,história,n,0
748,.,.,0
749,E,prop,0
749,essa,pron-det,0
749,fortaleza,n,0
749,apresentada,v-pcp,0
749,na,adv,0
749,aparente,adv,0
749,forma,n,0
749,das,v-pcp,0
749,letras,adj,0
749,também,adv,0
749,funda,v-fin,0
749,uma,art,0
749,vida,n,0
749,de,prp,0
749,reﬂ,v-inf,0
749,exões,n,0
749,inquietantes,adj,0
749,.,.,0
750,Como,adv,0
750,um,art,0
750,mar,n,0
750,revolto,adj,0
750,",",",",0
750,a,art,0
750,trajetória,n,0
750,de,prp,0
750,um,art,0
750,menino,n,0
750,que,pron-indp,0
750,conseguiu,v-fin,0
750,tornar-se,n,0
750,homem,n,0
750,“,v-fin,0
750,segurando,v-ger,0
750,ondas,v-pcp,0
750,”,adv,0
750,do,adj,0
750,Jardim,n,0
750,Noia,adj,0
750,à,adj,0
750,cidade,n,0
750,de,prp,0
750,Fortaleza,n,0
750,",",",",0
750,passando,v-ger,0
750,por,prp,0
750,vários,pron-det,0
750,outros,pron-det,0
750,lugares,n,0
750,.,.,0
751,Como,adv,0
751,poeta,n,0
751,",",",",0
751,em,prp,0
751,1990,num,0
751,",",",",0
751,publicou,v-fin,0
751,Pelos,prop,0
751,quatro,num,0
751,cantos,n,0
751,do,adj,0
751,mundo,n,0
751,;,;,0
751,depois,adv,0
751,",",",",0
751,em,prp,0
751,1994,num,0
751,",",",",0
751,Conversando,v-ger,0
751,com,prp,0
751,as,art,0
751,estrelas,n,0
751,;,;,0
751,para,prp,0
751,brindar,v-inf,0
751,o,art,0
751,início,n,0
751,do,adj,0
751,século,n,0
751,",",",",0
751,em,prp,0
751,2001,num,0
751,",",",",0
751,nos,pron-pers,0
751,fala,v-fin,0
751,mais,adv,0
751,uma,num,0
751,vez,n,0
751,em,prp,0
751,seus,pron-det,0
751,Poemas,n,0
751,de,prp,0
751,rua,n,0
751,.,.,0
752,Agora,n,0
752,",",",",0
752,mais,adv,0
752,maduro,adj,0
752,",",",",0
752,e,conj-c,0
752,com,prp,0
752,uma,art,0
752,trajetória,n,0
752,acadêmica,adj,0
752,iniciada,v-pcp,0
752,",",",",0
752,nos,pron-pers,0
752,carrega,v-fin,0
752,pela,adj,0
752,mão,n,0
752,a,prp,0
752,ﬁ,prop,0
752,m,n,0
752,de,prp,0
752,conhecermos,n,0
752,mais,adv,0
752,dele,adj,0
752,e,conj-c,0
752,do,adj,0
752,‘,v-fin,0
752,seu,pron-det,0
752,’,n,0
752,jardim,prop,0
752,.,.,0
753,O,art,0
753,Noia,n,0
753,nos,pron-pers,0
753,revela,v-fin,0
753,um,art,0
753,Deri,n,0
753,forte,adj,0
753,",",",",0
753,apesar,adv,0
753,do,v-fin,0
753,choro,n,0
753,fácil,adj,0
753,",",",",0
753,e,conj-c,0
753,temeroso,prop,0
753,",",",",0
753,apesar,v-inf,0
753,do,v-fin,0
753,olhar,v-inf,0
753,ﬁ,conj-c,0
753,rme,adj,0
753,e,conj-c,0
753,dentes,adj,0
753,à,adv,0
753,mostra,v-fin,0
753,.,.,0
754,Um,art,0
754,homem,n,0
754,sozinho,adj,0
754,",",",",0
754,pois,conj-s,0
754,se,pron-pers,0
754,conhece,v-fin,0
754,mais,adv,0
754,que,conj-s,0
754,todos,pron-det,0
754,",",",",0
754,e,conj-c,0
754,um,art,0
754,homem,n,0
754,rodeado,v-pcp,0
754,de,prp,0
754,amigos,n,0
754,e,conj-c,0
754,familiares,n,0
754,",",",",0
754,pois,adv,0
754,festivo,adj,0
754,.,.,0
755,Como,adv,0
755,ele,pron-pers,0
755,mesmo,pron-det,0
755,diz,v-fin,0
755,:,n,0
755,“,adj,0
755,falsiﬁ,v-fin,0
755,cando,v-ger,0
755,",",",",0
755,embriagando,v-ger,0
755,",",",",0
755,entorpecendo,v-ger,0
755,e,conj-c,0
755,disfarçando,v-ger,0
755,a,art,0
755,realidade,n,0
755,para,prp,0
755,se,pron-pers,0
755,‘,v-inf,0
755,achar,v-inf,0
755,’,n,0
755,ﬁ,adj,0
755,nalmente,adv,0
755,feliz,adj,0
755,”,n,0
755,.Dos,adj,0
755,forrós,v-fin,0
755,em,prp,0
755,latadas,n,0
755,",",",",0
755,promovidos,v-pcp,0
755,pelos,adj,0
755,adultos,n,0
755,",",",",0
755,às,adv,0
755,latadas,v-pcp,0
755,na,prp,0
755,testa,n,0
755,",",",",0
755,sofridas,v-pcp,0
755,pela,pp,0
755,meninada,v-pcp,0
755,do,n,0
755,Noia,prop,0
755,",",",",0
755,esse,pron-det,0
755,escritor,n,0
755,corajoso,adj,0
755,vai,v-fin,0
755,contando,v-ger,0
755,histórias,n,0
755,que,pron-indp,0
755,expõem,v-fin,0
755,suas,pron-det,0
755,dores,n,0
755,e,conj-c,0
755,prazeres,n,0
755,.,.,0
756,Ele,prop,0
756,ﬁ,v-fin,0
756,ca,v-fin,0
756,desnudo,adv,0
756,diante,adv,0
756,do,v-fin,0
756,leitor,n,0
756,",",",",0
756,e,conj-c,0
756,em,prp,0
756,nome,n,0
756,do,adj,0
756,amor,v-fin,0
756,à,adv,0
756,sua,pron-det,0
756,família,n,0
756,e,conj-c,0
756,à,adv,0
756,cor,v-fin,0
756,da,n,0
756,pele,adj,0
756,que,pron-indp,0
756,o,pron-pers,0
756,faz,v-fin,0
756,ser,v-inf,0
756,o,pron-det,0
756,que,pron-indp,0
756,é,v-fin,0
756,",",",",0
756,nos,pron-pers,0
756,faz,v-fin,0
756,rir,v-inf,0
756,e,conj-c,0
756,chorar,v-inf,0
756,diante,adv,0
756,do,adj,0
756,Jardim,n,0
756,Noia,adj,0
756,e,conj-c,0
756,da,adj,0
756,vida,n,0
756,que,pron-indp,0
756,a,art,0
756,sociabilidade,n,0
756,burguesa,adj,0
756,nos,pron-pers,0
756,obriga,v-fin,0
756,a,prp,0
756,viver,v-inf,0
756,",",",",0
756,aqui,adv,0
756,",",",",0
756,na,pron-pers,0
756,Europa,n,0
756,e,conj-c,0
756,na,n,0
756,“,v-fin,0
756,rua,n,0
756,da,prop,0
756,lama,v-fin,0
756,”,prop,0
756,.,.,0
